588 637 659 961
656
97 255 447 585 594 640 724 760
22 135 227
109 227 447 546 694 702
69 127 245
174 319 951
488 525
82 187 375 465
573 602 901
263 446 482 573 638 694 716 871 893 943
22 23 87 468 508 577 653 822 865
848 898
142 300 317 434 453 825
84 581 693 775 903
226 363 607 743 783 848 856
455 517 537 834 836
96 187
109 202 486 487 570 602 689 959 980
339 341
11 169 636 898
0 71 526 573 901 980
460 631 725 734 862
13 175 690
39 243 296 635 956
123 343
189 489 641 953
296 548 624 648 728 924
863
533 591 617 684 865
12 243 529 777 784 863 902
223 848
750
31 141 163 420 739 853 937 981
91 119 283 413 538 802
182 223 928
228 533
705
261 371 488 508 797
187 249 735 763
446 743
16 157 309 400 514 591 666 784
52
396 661
169 562 898
37 110 206 306 317 621 645 888 906
66 453 591 644 659 705 860 869 910
8 323 571 591 596 603 743 959
354 526 701 802
133 203 225 471 644 717 791 992
865 886 960
68 142 344 391 869
206 457 588 919
120 209 447 458 724 758 931
502 735 860 937
66 73 136 267 298 434 529 777 789 873
119 137 447 625 775
15 705
108 151 390 480 696 870 937 983
453 462 755
16 140 181 248 249 474 485 652 690 959
40 174 280 446 488 623 981
86 161 463 499 601 863 924
27 300 418 610 848 956 980
221 304 506 556 666 749
111 343 414 731 898
644
110 160 165 263 363 401 447 617
206 728 980
514
306 343 379 543 562 588 620 794 852
169 183 347
87 263 274 296 710 717 730 748
85 159 263 296 317 529 573 717 925 959
252 514 588 592 777 838 878 954 964 968
36 75 328 700 957
354 481 696 893 932
140 555
74 170 183 227 614 724 997
18 81 197 223 357 602 659 723 873 956
749
545 569 608 660
0 273 542 594 647 739 751 791 844 851
343 788
27 50 836
27 52 81 206 339 342 894 937
129 468 763 833
60 351 447 526 625 663 805 878
140 155 170 316 323 336 483 529 568 783
8 110 537 652 666 672 891
25 73 273 514 584 605 686 798 959 983
106 140 261 419 869
12 121 151 467 608 847 902
121 169 226 235 460 475 652 836 903 956
169 281 338 445 462 738 869 923
147 272 663 675 701 842 893 964
55 73 174 300 481 591
873
87 169 453 503 673 705 717 826 987
122 212 551 591 617 802 813
13 99 226 343 465 529 591 676 725 825
110 363 670 777
82 206 916 952
180 503 607 640 659
429
867
187 194 206 280 419 591 592 595 645 844
309 396 429 506 526 688 724 743
980
140 273 573 598 652 653 802 860
762 819 826 902
15 46 74 132 179 203 226 488 812
883
50 151 203 223 226 292 453 525 589
3 979
240 676 915
591 674 860
119 334 788
87 181 210
124 236 246 303 486 538 634 789
9 53 374 575 729 980
16 54 133 462 567 685 790 817 841 858
41 206 210 211 261 396 440 463 625 749
241 275 297 342 419 537 717 735 777 848
330 389 714 724 818
240
105 350 361 409 567 648 726
220 415 518 551 572
694 888 959
164 255 296 405 462 563 673 784 890 906
81 140 309 363 729 802 871 979 993 994
97 180 615 623 685 791 900
323 447 473 525 644 728 863
74 177 336 493 972
25 119 226 238 659 843 896 941 980
22 27 453 508 572 957
317
70 226 571 817 904 959
122 673 867
223 270 333 343 387 617
27 159 283 419 468 588 749 754 777
240 272 573 834 980
37 429 447 777 806 835 860
296
226 293
137 338
73
236 542 596 617
11 63 70 137 272 394 410 500 749
319
169 203 217 296 591 688 801 848
27 37 295 395 476 693 836 929
514 654
122 418 520
212 317 784
69 227 649 743
73
131
203 211 241 316 562 777 782 796 869
16 78 187 318 842
136 212 300 303 403 693 825 966
24 317 602 838 959
898
110 802 893
199 375 701 724
878
22 129 291 481 730 825 936 960 964
151 165 600 812
227
408 688 749 777 824 988
6 159 525 558 620 847 900
404
563
123 179 735 971
133 794
15 66 458 937
226 336 518 605 723
472 717 793 968
462 508 515 825 860 898 964
73 166 178 330 529 588 647 661 729 923
105 390 396 713 728 741 795 843 899
136 196 206 381 635 652 709 749 928 994
137
898
55 69 447 555 820 997
363 478 709
73 137 209 223 447 649 691 693 759 995
52 137 209 214 305 398 418 706 820 910
644 770 954 981
72 100 226 246 445 450 602 917 953 999
882
63 367 481 617 706 717 888 908 966
86 150 397 415 480 724 756 893 964
525 578 848 918
96 997
81 111 182 617 702 716 923 928
52 81 459 724 841 848 878 893 927
74 108 337 561 694 734 735 842 893 904
52 212 288 476 588 877 937
205 211 419 420 476 529 924
142 489 849 989
347 447 577 701 978
203 486 644 738 777 901
142 218 246 928
74 210 275 309 419
169 209 269 447 591 610 735 886
48 87 183 540 783 848 898 965
203 476 533 579 923
430 517 538 613
206 246 453 572 778 893
140 183 649 684 902 918 937
304 546 806
33 241 443
133 387 567 672 855 863
37 230 303 600 775
303 464 487 605 883 964
236 331 456 506 887
49 128 419 723 838 876 959
19 132 309 380
34 227 391 418 508 648 676 693 735
67 89 281 562 673 685 729 856
22 212 250 304 577 578 586 860 902 914
142 937 941
74 112 178 374 460 649 789 857 913 965
54 73 200 435 534
296 600 634 820 824 840
292 766
75 383 588 602 789 937
52 178 893
164 227 438 591 997
12 73 588 887 968
133 142 269 588 944
74 151 391 529
15 52 379 562 638
223 396 514 588 617 665 713
158 895
140 165 263 503 723 724 798 863 990
87 272 511 591 959
74 122 461 673
54 77 264 735
169 228 460 620 777 791 798 881 924
204 309 445 453 522 529 605 666 898
87 206 211 216 410 447 848 930
419
52 122 159 409 488 577 644 822 959 964
203 212 309 503 529 980
270 354 430 562 817
15 398 749 981
162 169 326 930
73 209 893
443 961
343 462
136 545 623
19
49 419 887 898
829
508 661
142 439 506 685 689 775 794 950
226 228 343 546 653 861 991
320 904
149 326 525 813 869
296
210 246 309 458
13 723
705
668 806
37 81 300 336 398 465
25 223 245 561 803
27 36 240 263 445 677 869 903 952
72 149 164 230 300 460 515 648 756
12 241 247 284 529 649 735 800 848 950
23 107 300 458 683 789 792
81 663 717
14 60 124 296 525 921
23 289 374 431 724 893
87 728
206 234 318 409 475 645 705 866 892 950
286 481 997
66 648 659 895
170
81 206 588 747 898 899
300 517 573 696 831 902 991
505 552 959
438 947
132 134 365 430 498 791 848 942
62 724 817
183 482 902
52 83 203 226 257 419
27 87 817 827 889
995
157 663 949
181 187 209 226 449
642
61 121 473 648 789 855 981
19 241 458 484 553 659 933 943
472 481 688 735 777 804 888
140 187 287 355 418 587 847 875 930
101 203 246 297 407 446 645 705 921 937
300 898
692 950
852
226 329 390 436 503 796
40 85 99 498 533 535 556 624 659 727
206 446 498 777 820
177 203 330 476 676 954 959
85 226 439 702 728
570 605 972
169 735 787 956
73 110 229 402 688 766 983
52
46 167 206 226 453 525 777 784
158 222 259 514
176 181 903
600
652 703 956
669 898
203 465 501 610 643 693 713 744 789 942
123 161 169 172 492 556 788 850 904
7 209 291 419 453 625 766 970
27 223 542 981
140 226 383 776 887
16 174 188 690 694 867
319 791 884
593 620 709
74 182 759 980
473 672
86 429 514 625 766
769 784 962
52 694
73 198 562 674 708 723 796 959 962
109 110 178 291 617 662 738
157 211 471 625 652 659 724 842 906 973
263 465 525 572
75 127 182 418 686 736 861
52 70 136 272 300 649 659 878 903
646
502 923
1 137 142 187 429 513 533 749
514
73
183 211 263 300 898 981
263 427 941 959
73 142 205 398 460 497 685 728 981
188 399 824
49 140 423 462 571 617 704 836 842 886
74 240
81 101 190 274 363 706
446 546
829
69 161 212 236 575 643
124 203 661 789 919
144 212 392 498 567 705 724 873
153 869
72 73 119 232 573 693 694 702 898
223 577 730
131 291 296 487 498 796 838
179 212 700 714 838
43 52
591
241
447 646 728 760 783 791 926
27 419 972
449 468
777
114 443 467 690
11 142 151 186 300 309 476 602 642 783
81 187 447 538 693
68 717 725 829 898 900
3 409 419 606 749 808 899 993
236 296 577 711
563 791 860
211
110 308 377 997
539 970
363 706 860 898
80 319 335 409 772 869
54 73 446 919
849
209 221 224 241 317 562
73 245 263 265 551 588 728 869 902 919
69 336 571 659 904
230 434 591 625 730 860
223 777
81 227 300 328 487 685 798 893 946
241 354 446 487 514 602
170 182 209 263 292 444 483 563 728 869
17 567 860
133 183 352 412 521 934
42 211 293 649 663 723 869 908 910
120 140 290 588 702 898
74 100 405 458 487 588 751
130
158 833
602
309 475 777
481 484 663 760
31 187 223 573
161 214 283 363 413 925
122 308 959
132 880 986
240 346
270 781
534 544 735 898
187 474 617 635 797 930
73 384 980
107 161 456 700
591
106 573 623 731 933
52 121 217 283 300 323 354 467 552 842
453 670 748
136 296 475 508 577 635 783 898
12 87 226 568 585 742 749 893 994
73 223 545 825 961
44 203 923 980
389 447 471 818 958
997
833
330 421 447 469 491 525 685 825
14 132 376 419 647
124 128 155 203 527 573 692 905
420 452 476 600 627 714 724 884
110 393
109 181 206 226 429 453 514 635 672 836
27 33 81 343 374 483 584 929 971
443 791 960
55 315 900 930
167 388 730
157 261 263 363 577 753
23 110 203 226 309 317 617 954
188 203 567 568 625
113 241 395 419 914
61 81 137 140 223 326 981
230 323 487 675 693
263 356 430 453 561 839
209 640 685
251 953
644
453 772 848
140 203
37 735 761 959
137 501 508 693
31 72 449 565 642 752 937
13 96 97 137 276 447 546 648 729 984
317 419 567 607 773
445 600 909 956
81 489 838 857
15 443 607 743 789 869
935
13 143 561 982
206 263
73 577
87 132 169 363 400 529 607 676 806
717
227 514 614
312 561 717 765 869 981
104 337 429 515 749 898 979
18 614 671 705 898
11 67 90 133 209 211 223 314 577 893
841
270 898 991
22 69 673 798 888
15 81 318 447 476 491 499 757
223 263 303 419 475 487 491 588 663
743
11 54 74 110 236 380 570 620 749 777
171 246 488
63 277 634 642 659 754 755
74 130 568 617
263 869 910
187 560 770 952
73 104 419 753 777 845
110 312 318 321 418 487 765 825 924
22 212 263 343 787 848 954 955
70
611 745 848 959
150 724 785
617
187 255 318 465 543 848 959
159 303 711 798 964 969
12 81 447 522 649 724 766 930 941
180 211 292 526 617 635 649 796
12 203 263 591 704 722 724 825 923 991
27 502 531 573 713 848 937 950 959
87 227 460 777 848 932
403 419 964 994
169 187 449 774 850
21 153 337 886
27 74 156 162 211 318 350 635 749 968
248 551 574 921
212 236 267 334 419 525 563 648 693
210 499 574 711 978
18 200 209 396 447 650 668 676
69 75 296 360 419 462 688 749 859
133 232 579 777
35 60 245 481 515 591 777 866
37 419 687 795 845
72 151 300 626 642 783 818 858 950
203
19 125 140 227
785
54 119 443 735
87 211
137 336 583 702 735 826 898 910 916
57 387 394 785 984
23 101 187 331 366 419 573 635 652 693
47 74 81 124 342
27 181 478 568 588 838
288 438 447 602 724 900
593 693 734 838 991
122 204 498 588 591 617 922 962
1 236 276 291 342 509 525 789 879
179 478 786
90 123 181 240 304 577 591 769 842
110 573 755 957
286
48 72 398 482 517 588 648 792 796 910
74 352 363 374 554
640 685 913
27 69 624 923
11 74 184 230 355 471 653
88 226 252 381 723
27 97 354 661
27 52 65 163 169 666 817 939 941
7 110 472 577 692 860
343 898 966
573
591 714
296 765
109 374 515 625 777
136 137 145 633 838 904
13 178 188 240 296 690 993
175 182 187
131 296 346 387 552 572 819 893 959
35 493
87 447 998
196 314 395 423 446 482 529 744 869
980
137 206 754 966
955 959
317 347 447 450 453 567 581 954
1 52 211 212 433 743 749 860 940
11 13 27 72 426 525 791 823 834 860
206 243 375 453 471 508 815 817 950 956
114 225 434 443 453 777
246 319 371 483 578 669 713 923 959
43 73 262 291 488 822 825 836 893 954
17 209 363 411 419 458 493 561 898
336 419 447 730 738 745 941
54 74 198 434 567 659 868
81 140 308 508 867 973
187 603 728 883 923 955 956
558 567
317
22 73 169 263
67 161 531 635
22 206 263 446 565 620 658 848
52
137 243 309 343 518 714 980 993
187 188 291 749 937
81 182 347 526 813 964 974 991
57 142 226 300 386 476 567 573 649 724
19 149 197 200 296 299 502 735 784 902
121 153 360 454 570 785 835 863
494
72 209 453 562 659 728 880 937 991
212 475
430 869 889
0 52 73 317 447 496 635 713 775
14 57 309 430 475 514 590 694 710 959
2 52 108 122 134 149 183 226 291 594
596 701
263 278 329 438 443 642 996
59 430 529 717 882
658
74 137 203 241 791 796 860 869
135 148 389 430 446 562 709 730 735 878
110 356 893 955
48 109 206 317 591 778 836 948
69 115 529 637
252 296 871 905 927
73 209 261 388 498 705 749 822 848
13 87 152 203 822
15 363 514 570 591 777
96 620
192 263 363 745 959
123 226 318 364 398 483 607 856 961
203 209 406 640 869
217 475 529
13 19 72 105 295 350 606 651 878
12 178 525 790 832 860
206 223 887
226 235 281 517 688 766
142 178 205 336 723 755 903 981
567
349
292 408 442 462 512 634 749 818 902 981
11 39 55 71 390 607 649 784 873
10 138 212 236 893
115 209 571 574 789 842 964
392 426 546 901
105 475 533 568 573 730 959
52 164 174 226 333
23 94 379 749 911 915
187 257 375 429 565 652 950
13 241 375 620 700 817 847 873
27 37 98 211 398 443 567 969
300 363 393 548 829
182 226 742
122 198 214 230 236 419 505 525 644 685
99 261 446 730
54 142 178 374 414 848 907 923
87 170 462 588 591 663 705 789 913
15 73 122 363 900 929 956
111 669 959
74 347 390 552 703 766 848 897 922 981
70 84 454 525 537 688 717 852
13 514 542 904 964
591
212 621
70 137 338 429 543 728
49 158 501 584 648
70 114 203 825
96 496 648 663 679 842 898 919
40 226 411 964
22 181 324 498 694
87 640 852
12 206 254
211 256 419 498 694 703 728 765 816 866
198 334 445 514 842 890 898
582 895
73 87 363 533 602 816 873 956
263 399 622 693
382 525 588 661 743
72 178 559 743 815
533 687 791 936
88 398 515 898 977 980
1 316 317 450 514
111
87 113 137 487 796 873 959
649 737 756 880 946
10 357 445 511 672
140 450 596 644 869 965
476
12 72 227 565
159 173 243 446 638 869 983
131 212 267 489 525 717 723 754 808
73 79 183 223 226 287 693 788 913
116 247 356 393
36 74 121 448 832 842 860
180 181 210 240 247 408 923
997
981
821
12 200 240 326 447 572 666
42 424 713 951
88 160 615 684 847 898
87 214 230 246 270 488 525 675 789
142 209 211 241 475 692 848 860
137 206 332 573 633 761 847 863 907
52 309 338 596 642 728 746 845
292 369 423 455 591 684 728
363 389 414 605 607 796 816
458 635 913
8 52 68 78 90 272 284 554 644
44 119 137 692
81 503 539 736
88 178 223 382 453 488 514 663 847
187 228 361 534 777 847
501
87 206 742
74 308 450 833
17 129 169 182 208 499 659 729 768 777
132 300 591
211 268 286 689 785 904
241 336 661 932
451 567 909
22 52 416 718
211 243 283 361 373 413 685 871 890 981
69 313 462 476 693 813 847
27 87 119 178 284 309 584 777 954 985
350 431 723
415 903
223 227 263 515 825 924 949 954
31 289 443 561 607 617 672
52 245 396 700 720 890
701 956
111 123 501 694 921
12 181 266 418 623 693 723 856
165 226 594 604 625 652 903 932
937
223 243 442 525 562 836
123 169 337 511 585 667 893
110 453 607 702 728 805 981
428 602 633
27 500 659 819 962
22 28 88 135 198 482 568 588 791 998
80 296 487 643 673 707 768 904
140 180 309 529 753 826 858 964 970
67 211 240
109 149 191 529 693 954
541 573
72 234 446 474 519 566 754 756 959
783 942 984
34 73 503 525 696 873 881 959
740 794
446
791 994
283
749
188 223 493 575 590 802 860
502 607 904
659 787 873 925
72 77 106 124 296 327 467 477 525 592
49 50 182 197 203 248 300 502 777 860
73 179 212 230 236 789 800 829 937 977
105 518 830
16 376 503 602 690
37 204 453 482 709
87 228 417 429 669 748 964 976
110
169 363 475 591 607 693 869 992
137 504 953
236 784
111 116 365 462 556 588 649 871 959 981
13 295 869
87 387 640 807
42 110 230 286 390 465
270 692
410 919
19 169
211 924
9 72 228 318 419 445 573 643 687
48 552 760
9 319 602 777
38 158 161 356 433 611 720
99 562 642 836 909 976
22 347 578 650
22 203 296 728
121 355 380 447 572 573 714 893 980
97 221 283 444 586 693 714 787
1 205 269 296 363 398 453 549 566 981
128
255 309 317 363 396 463 654 717 764 952
761
591 999
12 447 460 525 637 878 992
185 203 619 719
27 73 210 376 442 481 607 693
45 97 198 391 964
162 354 452 679 838
230 248 320 323 572 702 721 772 860 937
108 119 122 245 323 422 607 906 990
13 167 391 483 633
74 178 241 607 664
9 87 161 205 627 672 888 905
25 84 214 514 586 777 839
26 74 187 343 602 648
374 577 792 825 876 956
118
906
142 165 519
625 749
105 392
238 572 580 653 663 981
203 312 471 529 659 746 867
58 142 198 261 484 656 923
743 948
309 431 447 529 558 572 625 717 929 964
13
66 247 401 455
243 263 357 496 944
139 376 431 767
132 226 602
27 241 693 777 898
42 161 209 260 309 508 697 868 954 959
209 300 782 842 874 962
87 200 518 652 670 779
23 122 357 489 635 941
109 162 363 449 493 529 601 942
69 87 142 160 636 653 672 697
296 307 631 673 734
212 272 518
355 363 558 860 893 904
164 283 463 514 561 629 671 698
11 65 181 245 296 827
98 573 662 871 976
73 607 717 866
178 240 296 300 507 529 544 771 981
72 123 319 395 441 833
93 226 409 437 774 856
56 74 363 575 663 791
92 155 157 203 319 605 652 768 817 903
54 216 829 980
54 109 137 579 833
502 568 840 913 924
119 202 354 480 587 688 796 860 898
170 387 501 674 676 830
118 285 374 475 695 745 758 859 954 980
773
170 240 354 355 424 607
27 77 123 594 635 705 869 902 918
340 391
52 296 300 307 419 677 743 913 997
178 426 576
92 240 247 419 577 818 823 893
61 240 439 592 620 784
411 477 760 866 890
132 211 659 929
766 842
162 178 226 303 563 834 863 969
142
52 142 152 175 447 514 586 693 777 890
66 137 223 447 487 501 685 756 871 898
19 73 399 488 538 564 573 980
108 572 717 793 981
201 498 734
11 151 354 665 710 723
15 44 75 235 264 292 381 419 788 962
161 226 317 356 501 532 648 784
31 44 52 107 181 217 450 558 565 824
31 207 209 296 396 460 514 848
221 633 749
73 123 202 378 594 622 693 749 960 980
286 602 713
194 253 471 661 694 864 995
39 908
206 508 858
344 363 591 597 898 904 956
155 275 343 749 941
283 453 518 591 620 676 690 784 813 980
25 132 241 334 453 487 612 718 724 807
629 743 784 789 793 849 981
236 419 464 592 642 685 735 779 900 992
317 846
15 74 110 365 374 414 423 791 866
720
165 602 607 647 777 876
25
81 419 737
31 227 294 563 821 842
334 749 878 961
110 241 663 775 777 805 900
72 142 336 420 459 542 743 745 750
140 309 391 443 514 529
90
241 789 878
57 81 649 898
83
158 162 196 296 443 710 964 968
83 163 779
57 226 325 359 533 573 609 659 875
14 74 132
74
423
209 296 447 941
149 367 458 498 533 702 842 871 872 954
48 73 203 403 414 419 617 730
361 674 696 758 828
27 649 694 796 898 935
87 90 366 392 767 856
52 250 312 525 677
301 447 515 607 728 749 764 906 930
22 182 435 724 981
22 209 329 501 529 618 658 673 731 867
121 187 334 591 666 753 893 918 943 954
660
75 269 791 900
41 49 620 861 871
27 52 77 165 528 567 862
13 183 333 553 822 848 869 936
187 458 848
203 749 953 964
122 329 487 521 602
170 236
68 140 157 236 403 552 564 974
270 335 363 784 842 848
109 110 396 408 644 848
19 141 169 571 954
631 819
81 169 285 335 411 584 843 878 895 991
46 501 529 717 893 981
72 109 132 137 203 529 644 906 959
77 137 476 900
309 475 605 784 980
74 92 133 140 496 870
234 242 284 386 429 552 710 925
121 132 717 734 755
465 651
19 83 87 110 249 286 696 869 970
9 189 453 777 796 964
129 250 567 649 717 982
11 73 191 832 918
44 88 111 326 374 409 529 574 717 791
108 248 413 514 607 644 732
15 213 430 447 644 774 781 822 913
447 956
12 27 81 223 296 725 923
223 419
187 392 514 518 777 834 988
529
128
44 326 706
212
27 110 121 363 419 438 570 591 706 796
10 29 685 749
262 406 455 540 563 676 852 973
552 959
848
959
305 622 954 956
147 300
27 160 236 299 591 638 678
13 130 178 577 588 611 717 887
0 51 137 327 447 508 683 753 959
15 27 243 363 652 666 734 877
900 992
64 206 391 730 885
159 544 577 607
136 140 292 594
52 673
167 326 487 704
9 185 791 959 991
74 90 362 572 673 735 749 848 898
111 234 525 588 717
246 286 298 343 409 648 725 836 893
123 131 514 573 732 822 954
309 529 900
143 169 212 306 488 675 685 759
19 209 488 514 618 666 717 867
70 344 363 464 483 573 661 676 765 794
55 181
160 324
447 458 617 640 822 868
343 895 959
240 423 572 573 777 789 817 843 873 991
27 88 187 567 690 780
57 72 229 363 734 926
206 225 281 300 596 717 913 970 976
132 136 213 334 453 705 717 785 966
122 200 240 717 730 791
36 74 98 107 207 309 650
26 183 211 229 261 301 437 559 573 669
72 140 508 640 666 720 874 880 898
169 236 319 964
8 323 355 632 718
99 418 468 514
554 735
136 206 246 447 553 847 946
537 730
111 223 258 391 508 535 620 845 913
893
54 83 249 363 539 551 693 777 869
120 231 447 645 838 875 995
114 182 283 458 563 688 867 958 959
209 386 390
74 511 562 663 740 743 898 964
13 27 73 227 270 474 611 749 757 822
610 612 732 748 956
27 130 802
133 333 348 537 849
485
200 293 617 980
158 256 396 573 893 968 981
72 236 503 937
119 187 336 475 979
44 124 351 573 648 961
13 291 476 514 567 652 749 818
196 296 584 649 818
22 88 137 317 376 530 617 854 900
154 181 209 363 382 520 556 563 588
52 74 75 291 475 654 759 893
18 72 94 124 140 374 465 526 529 744
223 463 753
460 802
158 246 392 463 735 749 794 805 858 963
81 293 374 580 588
622 725 887
245 326 848 998
133 165 235 262 572 749 796 846
27 196 924
100 633 777 866 965
235 374 387 512 693 790 866 914
272 402 904
27 240 352 493 499 595 696 717 869 924
39 108 305 566
73 94 155 272 363 419 502 688 833 956
11 188 206 227 696 915
223 777
249 590 735 761 959
354 392 647 793 981
261 525 644 676 685 735 958
193
140 234 300 317 453
13 26 223 230 418 630 643 691 718 898
37 136 263 277 292 460 749 959
405 625 901 902
122 153 169 195 209 802 900
13 203 209 749 980
389 558
869