340 647 844 958
120 274 281 355 469 622 763 809
27 324 525 802 835 992 998
235 281 364 374 407 527 573 589
116 122 234 954
735 898 927
32 155 209 409 501 513 546 782 860 902
35 213 378 490 546 643 835
61 227 233 534 576 610 890 909
64 429 477 695 825 979 987
239 358 873 915
162 197 331 564 954 990
6 124 130 201 292 350 452 840 890 952
254 304 310 339 416 442 450 708 970
137 150 320 355 358 432 443 562
163 176 264 650 686 719 770
17 429 503 907
176 262 272 824 946
100 217 703 722 752 755 791 834 841
8 75 240 445
3 132 155 236 366 421 600 945 974
250 281 647 666 728 763 964
78 97 155 260 369 392
111 209 287 858 914
35 176 181 221 313 510 752 775 826 900
305 410
105 176 211 224 469 578 763 891
225 324 380 921 999
95 246 421 808
28 109 333 350 686 853 896 974
355 456 644 768 925 955
6 180 183 265 935 936
737
176 221 250 280 305 306 350 441 824
321 545
42 154 286 324 461 566 636 824 912 936
222 414 556 749 797 970
169 588 651 876 978
372 412 656
354 423 545 932
105 159 305 376 394 641 802 804 817
771 974
546 752
6 99 178 436 579 769
527
109 133 193 306 551 665 887 957
198 214 331 516 636 677
75 357 407 415 682 751 991
62 176 215 309 502 643 671 751 826 926
85 210 289 306 595
323 372 376 720 744 907 968
170 426 525 537 601 921
350 784
419 447 651 760 790 804 809 844 929
120 222 586 834 997
190 213 238 847 860
129 833
102 320 945
240 245 372 515 835 987 996
65 252 305 725 736
203 502 527 542 643 808 857
627 942
120 131 365 502 790
190 469 707
686 890 894
241 247 494 537 643 780 788 824
219 220 273 305 426 450 489 702 807 983
107 219 306 566 604 835 983 992
119 420 525 605 994
554 752
91 176 350 424 477
14 34 155 159 360 489 738 919 942
365 974
0 103 244 321 516 556 650 687 775 936
280 555 775 790
340
163 389 800 965
115 137 698 714 977
880
164 298 401 602 650 653 834 844
82 109 257 341 381 473 577 824 932
42 247 350 439 838
577
141 369
109 155 221 233 879
225 289 361 545 889
119 287 775 828 930
304 565 841 853 896
25 103 272 379 412 799 974
95 221 543
97 144 356 382 768 827 932
8 429 470 507 643 835 994 997
974
34 219 251 287 305 497 505 775 820 854
818
93 95 155 224 289 365 429 491 809 899
96 305 383 573 722 822 827 932 974
60 76 380
47 129 166 194 262 335 358 521 667 832
260 552 832 899
155 498 773 974
155 196 250 374 426 536 664 809 834 981
0 152 190 421 534 629 846 916 974
221 602 692 712
361
17 340 343 350 722 726 775 784
142 265 324 526
0 221 263 538 677 724 804 853
75 306 325 393 768 777
8 97 441 498 845 854 855 974
221
221 277 643 644
63 257 265 270 305 353 358 526 865
414 500 547 847 884 914
0 383 978
134 515 947
35 348 824 943 994 996
285 514 769 935 975
65 665
116 350 462 494 761 770
160 275
186 306 489 652 839 857
162 374 552 846
155 217 390 448 607
305 425 466
631
34 35 97 313 320 801 809 888
0 75 381 715 832 890 934
8 140 160 447 543 650 862 891 930
95 292 653 685 727 996
652
465 564
237 358 484 893 987
307 465
99 182 203 308 420 589 846 857 882
12 116 124 209 420 495 782 846
250 305 380 510 548 616 753 783 868
133 435 624 824 835 853
1 7 132 183 418 437 490 763 889
748
72 130 133 298 505 507 974
47 188 213 306 347 414 446 525 590
163 221 349 429 658 787 899 935 994
306
119 267 365 438 715 719 905 922
452 610 643
305 313 321 560 657
285 340 367 399 686 714 892 935
93 237 331 530
46 461 589 786 952
150 285 350 440 625 701
9 133 166 306 525 530 617 748 788 857
64 285 353 377 608 954
350 874
8 281 298 438 485 580 739
671 935
99 176 343 564 779
83 105 155 171 272 325 455 474 685 752
176 248 277 644 715 770 936 990
142 219 221 698 748
56 361 386 413 555 686 809 882 936 974
335 357 410 465 546 559 701 783 797 837
204 456 482 516 703 949 977
99 167 775 935
305 350 366 401 631 656 779 831 857 999
35 122 213 321 452 612 812 911 939
308 486 920
8 407 548 838
489 504 536 668 824 831
81 221 292 439 527 570 665 668 748 918
152 321 350 521 630
88 254 631 653 681 814 853 894 935
62 525 570 798 804 823 846 936
34 442
97 246 447 485 565 697 708 809 876 891
155 166 305 441 636 650 678 800 857 905
133 309 465
7 304 726 908 942
0 106 122 305 609 899 920
380
213 240 281 525 531 698 715 730
784 952
200 574 831
155 622 958
105 182 357 648 728 808 984
74 341 374 824
321 945
115 792 853
14 364 444 465 499 650 670 830 880
546 680 752
89 834 853 880
23 75 157 479 653 717 766 853
122 158 388 414 598 761 855 902 916 974
260 506 715 741 961 999
172 176 298 348 429 635 737 844
344 458
35 116 139 442 514 560 763 841 922
536 714
219 541 853 915 924 927
228 236 510
173 235 294 336 465 534 574 750 834
120 195 315 592 767 797 867
120 129 155 304 533 899
58 174 353 374 445 560 786 975 994
25 199 250 460 633 794 877
129 228 305 403 496 514 633 663 719 902
296 350 395 399 880 882 900
17 131 223 236 587 780 817 838 946
255 258 647 779 814 935 945 982
106 356 579 585
60 343 507 539 922 935
211
626 708
93 98 99 176 277 579 673 698 786 887
439 748 823 910
6 500 720
42 974
33 161 555 680 713 715 716 760 923
65 221 310 324 581 602 935
286 290 377 514 581 609 873
306 398 531
236 281 525 536 883
52 884 952
323 800 839
42 130 206 463 839 930
0 94 362 420 876 920 973 982
241
129 654 719 937
85 192 420 439 520 563 664 768 809
642 832 908
159 219 429 527 665 809 916 974
118 158 528 858 902 962 965
86 103 324 437 722
166 627 725 778 824 880
23 375 420 510 573 764 976
0 35 155 249 907
198 200 267 353 957 994
44 246 321 707 808 824 834
380 878
97 287 347 382 947
182 324 507 581 824 877 918
402
250 688
44 287 334 423 547 627 698 834 907 912
763 898
66 67 75 364 504 536 653 883 916 965
45 120 138 168 609 707 779 821 988
155 190 267 295 431 775 866
0 119 128 303 344 372 547 581 787 847
35 107 130 306 458 543 708 809 899
176 267 271 720 780 782 790 875
304 517 527
95 322 350 365 560 717 833 837
326 531
403 748
6 87 147 185 465 763 794 853 932
176 525 531 749 930 936
374 781 786
390 854
579 636
34 340 853 936
304 642
342 881
90 133 494 520 775 930 994
297 305 526 906
191 213 247 267 382 503 686 721 915
221 254 305 498 609 788 967
407 624
71 176 439 861 900
103 269 545 841 988
11 90 96 155 367 464 482 945
34 356 439 595 931 996
236
44
748
30 145 151 188 429 439 551 724 763 854
76 136 450 531 574 615 856 912
862
133 270 324 561 602
51 85 114 118 163 236 326 766 844
57 82 188 304 640 827 844 846 958 976
429 552 636 692 809 928 986 992
28 105 267 284 579 647 804
764 996
0 16 52 64 350 477 668 779 813 817
363 427
86 414 579
518 525
632 763 978
127 309 398
16 221 439 643 701 801 944
272 289 532 685 936
752
59 177 232 239 281
95 120 170 439 482 538 567 763
42 155 738
133 176 305 306 381 507 555 763
109 133 295 359 444 684 722 928
455 643 693 701
155
34 302 306 392 554 649 722 786
410 545 800
176 220 250 399 766 806
103 910
272
150 158 306 634 716 764 835
236 412 456 488 524 617 682 754 790
377 645 768 918 927 988
495 511 865
6 155 166 214 337 545 748 783 866 912
587
93 176 203 310 350 494 579 702 782
155 304 846 883 994
20 144 152 162 285 361 677 790 835
69 133 525 849
85 224 272 310 337 548 999
143 474 726 824
359 834
166 176 221 305 622 766
152 164 209 439 716 763 835
439 521
344 551 564 608
250 410 752 813 824 890 996
58 291 389 585 698 824 952 969
129 170 267 643 737 868 916 974
6 103 125 155 176 287 365 536 610 862
133 359 699 825 899 967
176 338 409 414 710
246 894
469 672 674 856
35 95 363 536 667 882
42 140 797 824 977
163
155 341 439 775 820 832 866 867 918
35 93 176 437 784
133 166 515 548 641 659 835 989
311 359 548 856 882
556
24 87 364 552 680 764 952
464
304 353 495 763 773 804 974
89 133 350 450 527 598 655 674 789 974
876 890 933
103 145 150 208 246 373 659 760 908 952
136 386 528
155 439 447 712 725 930 960
667 927
347 479 653
221 638
242 448 546 599 691 810 884 935 950
62 92 665 881
133 636 824
340 536 664 771 880 900
25 250 270 415 510 855 891
417 653
146 204 321 350 374 498 690 722 831 951
343 370 525 566 669 766 789 845
698
256 366 943
236 285 299 495 536 551 859 962
93 133 304 399 432 437 497 777 804 860
98 145 165 421 489 526 539 722 785 872
20 22 219 281 420 509 809 827
167 527 680 766 809 918
97 465 525 690 722 752 880 941
377 461 516 838 846
297 331 886 890
105 641 702 891 999
278 847
790 813
103 221 414 446 844
7 87 155 581 643 782 895 962
55 143 192 439 649
133 190 221 643 708 709 795 841 923
60 130 192 274 305 616 719 738
197 218 276 326 489 503 702 763 835 987
0 29 164 433 557 732 780 857 900 961
763
25 96 244 646 728 875
49 464 752 932
755
235 250 296 341 374 415 521 568 723 952
34 75 176 304 439 447 563 603 647 847
30 263 439 466 469 530 560 835 836 857
25 191 413 482 534 645 763 821 824 950
32 68 90 298 343 365 419 525 760 806
179 190 250 319 471 563 853
115
676
101 169 350 895
25 256 278 353 428 525 550 585 934
182 285 306 307 347 749 754 775 814 835
309 316
103 136 155 176 237 262 265 527 578 916
556 613 753 996
17 130 381 473 598
27 236 527 570 586 763 777 790 900
364
563 678
108 528
497 724
42 118 804 832
93 203 241 354 367 592 635 934
176 365 650 996
105 309 592
130 157 176 229 507 841 974
12 255 287 310 439 847 959 972 994
145 165 174 233 251 426 527 574
63 77 190 236 305 407 653 837
50 51 494 719 763 935
42 465 473 495 500 527 775 825 931 974
504
435 804 835 952 969
4 108 290 353 439 465 525 581 626 810
97 137 274 380 636 837
133 154 451 475 643 867 870 959 997
93 209 439 448 701 756 814 824 987
7 176 612 790 920 939
146 324 725
810 899
109 120 209 262 411 644 672 804
140 210 227 246 600 698 809 841 910 996
35 67 223 536 586 653
194 231 367 422 493 494 606 752 838 976
256 459 667 723 788 808 835 855 935 967
34 73 176 599 602 695 752 856 974
1 305 716 839
103 452 618 707 712 809 958
501 892
459
116 155 281 515 610
116 202
0 29 98 176 237 246 264 365 626 824
200 651
12 64 68 133 495 635 835
372
347 529 975 996
570
290 328 331 489 702 752 768 786 856
535
277 321 407 653 752 803
0 58 75 102 250 290 499 579 693 916
849 858
129 350 725 835
163 400 536 726
525 536 719 735 847 950 999
437
8 306 477 502 935 974
209 350 707 803 936
473 589
105 499 628
267 577
439 976
8 130 420
118 272 348 350 465 473 495 775 929 936
176 203 510 520 674 801 921
939
52 99 221 334 400 519 520 602 643 649
105 140 164 373 525 548 619 735 814 999
218 390
104 365 418 574 782 856 906
67 380
332 355 551 910
176 308 427 503 530 621 644 752 868 919
61 429 552 692 730
246 419 659 932
29 87 166 360 436 658 856 881
97 109 316 423 663 834 894
16 112 150 237 451 752
203
158 227 309 404 527 539 542 693 760 872
495 558 748 853 974 981
350 548 602 722 948 961
191 356 497 607 635 828 948 952 956
213 350 372 602 621 725 736 744 813
455 510 804 847 908
52 145 183 324 332 365 419 490 974
555
133 176 215 321 325 374 575 834
56 267 297 365 786 935
244
36 37 264 381 434 748 844 856 967
8 162 365 477 509 534 550 686 757 815
402
8 202 262 350 661 763 857 907 985
0 11 257 362 421 551 630 797 834 851
853
237 308 350
176 178 412 862
8 405 587 768 835 914
22 41 103 155 258 456 479 603 719
902
641 736 916 951 996
208 412 467 510 722 892 896
123 581 848 978
340 428 974
120 253 353 433 439 570 707 914 992
120 143 207 532 538 715 732 766 853 913
105 208 254 551 748 767 824 876 999
824
47 299 308 374 561 748 776 790 868 952
209 348 515
73 421 720 928
101 149 345 834 916 936
438 489
72
65 323 532 668 974
176 246 350 530 817 838 916 971
162 181 305 431 653 945 990
166 281 353 589 649 741 797 935 967 992
350 531 786
236 533 536 763
763 768
342
98 983
551
109 763 958 976
305 429 543 643 741 772 775 910 952
25 145 230
508 775
112 248 290 306 542 638 697 762 768 835
243 391 528 533 545 578 650 769 775 996
17 208 439 458 665 745 984
401 781 857
853
305 321 893 916
310 736 899 967
133 647 707 819 891 974
17 155 439 504 568 581 636 680 817 935
52 246 281 285 594 835
429 572 752 782
396
99 239 429 782 872 889 895
133 163 258 346 677 680 867 885 994
53 97 134 435 682 727 775 824
443 880 890
122 465 653 721 846 890
64 132 439 701 752 963
117 490 525
879
133 176 199 350 441 460 536 747 837
159 267 894
213 262 343 516 554 615 853 958
418 531 790 824 850
98 209 536 794
98 105 130 214 245
602 817
155 163 350 545 767 899 912
636 640
8 60 221 473 494 853 990 992
120 244 393 591 621 818 835 936
8 209 247 260 426 555 586 653 974
213 305 889
187 439 899 936
155 195 219 285 640 655 769 786 974 996
143 350 421 721 907 952
211 677 822
117 221 329 525 958
340 527
577 752
847
25 163 176 469 545 698 725 790 849 989
96 983
0 42 328 571 598 792 854 862 950 996
274 303 350 607 725 804 873 936 974
196 207 269 308 386 525 653 958
280 376 532
75 97 341 388 707 721 767
155 252 465 507 527 594 896 913
22 281 464
197 250 253 353 550
8 316 334 601 643 709 742 781 890
120 133 176 585 644 653 775 909 936
61 461 567 846
25 350 752 899 907 935 978
107 168 551 612 632 693 952
82 350 355 374 594 722 913 920 947
221 527 951
35 691 826 846
141 750
122 203 852 961
442 706 722 923
32 245 350 557 607
164 357 414 628 974 993
5 162 422 530 534 628 666 693 724 809
111 228 267 471 509 907
278 333 350 486 974
178 380 489 708
34 64 249 536 580 722 884 965
314 356 456 545 697 775 910
156 328 439 469 798 846 888 999
469 899 989
6 997
715 830
463 489 551 671 835 998
7 97 133 217 644 698 789 809 974
306 321 690
120 209 304 853
447 536 837 888
759
42 122 343 590 813
237 257 287 545 576
17
195 250 296 345 437 527 652 759
208 536 782 846
275 349 804 839 988
237 653 660 702 804 903 932
79 528 616 618 643 837 944 978
78 268
42 46 133 138 176 585 639 729 760 809
36 83 221 321 663 722 837
108 387 418 500 936
230
272 380 445 635 686
309 841
155 546
305 326 476 570 674 770 988
280 530 686 853
110 149 221 343 389 475 527 706 863 973
111 124 155 185 188 281 804 857 914
26 155 207 216 241 732 740 745 830 842
527
176 936
509 545 721 960
353
103 176 191 299 305 466 470 554 855
87 221 516 617 620 663 669 752 795
298 364 515 839 890 928
527
176 421 618 921
114 133 373 440 538
305 737 864
150 274 709 747 775 798 915
18 401 491 671
40 200 489 570 787 804
69 374 419
24 212 306 527 653 697 883 899 905 952
176 281 299 321 763 782 992
163 221 479 510 556 690 704 870 900 901
6 304 324 438 488 763 871 974
101 340 572
429 578 663 671 773 844 853 938 983
223 775 996
177 737 917
103 129 347 388 635 676 919
127 162 240 645
786 834
103 237 293 333 536 697 935
204 287 374
29 336 350 429 458 528 632 647 921
133 174 509 555 996
107 498 648 739 763 923 979
489 644
97 315 340 439 468 748 752 844 853 990
374 480 812
115 143 422 440 460 624 679 774 814 846
0 520 554 817 934
140 164 228 260 337 527 738 776 934
480 539 579 619
782
312 367
194 381 439 492
42 891
130 283
100 465 614
635
56 97 143 305 383 536 817
369 994
236 527
261 396 414 622 929
155 203 499
677 722
141 176 270 390 709 791 948
90 224 285 465 500 529 817 912 935 996
650 891
41 120 326 502 525 682 754 854
262 305 435 782 784 857 999
140 282 568 636 782 816 927
74 350 374 460 770 835 838
52 183 293 339 427 834 890 990
7 17 233 427 536 558 597 722
246 321 771 772 930
35 164 391
599 772
437 530 534 541 555
52 97 265 524 915
21 128 130 192 635 837 897 994
275 373 397 510 527 665 676 914 930
365 489 528 593 715 770 775 807 992
42 424 521 530 579 705 763 814
569 756
211 232 706
113 346 396 566 677 835 996
155 182 276 289 579 790 817 853 956
11 130 206 278 494 545 824 835 989
7 64 305 640 702 719 722 748 763 974
597 606 739
350 607 879
702
125 252 282
928
170 363 566 752 782 835
236 306 554 664
862
19 98 551 642 729 761 979
135 221 414 530 699
57 293 476
501 761
22 490
469
90 237 272 465 472 527 563 752 859
818
262 785 904
103 960
54 165 238 239 715
91 95 124 200 304 362
647
97 309 314 495 832
152 752 810 844
75 97 109 251 284 421 728 870 935
42 53 198 201 350 579 647
783 909
38 353 521 528 707
87 715
93 137 163 209 247 272 579 725 899 970
87 88 350 564 782 897 967
35 40 99 187 190 216 267 298 326 516
24 90 124 221 490 680 778 853
298 452 533 653 996
38 102 493 507 752
77 132 176 327 469 569 752
226 466 530 583 775 828
105 283 589
834
164 466 498 528 698 763 919 952 966
91 306 318 440 722 883 919
88 482 536
166 259 286 365 366 528 536 801 910 950
5 98 176 650 797 834 899 903 974 979
347 427 606 846 882
88 133 184 336 490 654 668 671 899 987
54 61 272 501 518 721
14 133 530
73 129 353 367 619 737 834 874
221 339 350 394 447 763 923 995
61 155 221 462 581 618
94 155 548 641 710 773 799 824 855 915
121 274 459 603 698 887
306 362 444
0 202 636 853
256 350 428 487 585 686 748 814 880
32 109 414 548
113 650 745
125 697 780 908
55 77 120 176 528 582 643 870 935
170 176 545 835 992
150 256 333 508 581 644 725 763 784 978
242 617 821 828
155 421 560 635 963
246 545 866
98 177 558 566 841
380 465 493 580 758 835
23 103 119 371 376 748 875 935
49 75 90 495 680
355 650 983
4 80 90 120 190 309 526 973
602
577
20 133 155 207 216 293 527 668 835 978
25 250 350 525 563 788 807 817
881
33 103 184 465 719 769 903 948 954
196 304 527 602 605 636 671 996
34 277 305 576 693 844
71 321 440 520 633 661 698 890 952
238 264 311 446 706 707 988
263 269 283 375 428 611 913
123 356 899
35 346 752 817 844 952 960 974
35 45 203 238 257 283 441 588 974
0 35 738 816 948
339 752
133 305 350 407 650 768 956
90
150 183 276 305 359 587 890 955
150 272 281 817
0 42 338 407 721 763 781 797
578 642 644 760 866 890
439 727 743
28 260 446 524 681
214
140 250 389 730 763
23 91 137 176 254 353 824 996
124 309 350 929
80 786
304 548 710 814
407
102 176 492 744 748 783 811 850 935 958
350 527 798 844
5 17 191 255 604 686 817 838 887
514 717 958
530 698 715 732 737 942 964
564
961
70 107 152 275 276 312 326 527 633
324 403 775 824
53 263 563 930
42 145 208 521 647 674 709 763 801
120 164 936
905
150 665
34 112 899
331 394
51 152 307 375 545 752 756 999
101 155 246 579 585 857
196 273 306 650 775 803 824
6 35 349 369
53 133 305 546 606 650 950
64 707 932 987
344
265
353 469
350 356 439 493 613 752 797 849
25 346 350 360 533 543 589 693 757 780
421 499 545 661 974
321 639 752 817
62 98 166 280 748
133 492 588 899
34 95 445 492 824
715 945
525 590
130 347 427 783 804 880
76 216
552
273 350
176 276 386 440 722 804 805
335 439 491 563 674 794
413
498
75 157 216 517 586 954 979
141 172 278 331 353 518 601 650 671
30 64 130 474 545 604 752 763
60 299 392 436 528 643 722 728 900 944
46 52 144 176 480 534 697 753 852
19 137 290 572 652 697 752 763 816
113 248 279 444 474 717 776 951
115 224 268 346 380 434 525 677 733
43 392 448 530 579 793 835 836 958
53 135 158 305 519 683 686 700 736
19 204 237 412 608 760 824 928
19 304 616 641 837 974
285 287 495 527 650 653 804 944
514
624
824
7 176 251 526
854 996
109 667 974
34 102 447
40 176 293 324 415 601 671
44 145 439 513 563 921
233 312 340 473 681 993
196 213 306 484 579 919 994
487 521
148 176 219 419 527 536 585 911 916 971
133 183 261 300 510 532 759
309 918
122 223 285 507 583 643 832
473 935
74 325 372 761 786 808 835 846
22 133 693 770 894
298 370 400 414 431 477 603 637 680
524 586 736 983
556 626
190 235 278 766
42 95 143 210 537 650
381 702 874 888
37 64 143 164 186 237 913
133 403 706 851
72 302 370 408 639 992
177 554
287 362 370 383 735 907 923
9 77 95 116 176 380 476 527 772 853
537 653 678 680 806 812
133 350 428 646 650 661 663 748 809
134 165 648 730 936 963 967
21 170 951
721
481
182 316 350 428 479 620 775 844 976
134 213 246 579
196 305 337 469 602 681 717
360 527 642 970
236 513 642 775 863
328 748 944 976
827
51 133 239 390 419 555 760 770 904
11 64 123 237 530 714 719 819 835 837
37 142 246 374 542 737 786 952 958
396 573 635 739 952 989
52 223 247 431 526 732
11 64 580 674 709 939 988
176 518 556 781 834 922
34 347 406 484 615 627 698
101 211 439 530 581 798 824 852
58 309 407 658 770 841 952
286 548 867
25 133 321 326 391 525 707 974
340 480 579
4 301 458 497 837 908 971
306 518
166 328 493 516 548 604
166 541 571 576 668 841 920 958 973
8 133 553 680 681 760 824
81 828
43 109 133 191 700 863 951
97 565 667 974
25 61 64 129 176 304 527 750 936
246 250
242 304 307 557 737 756 935
291 397 410 742 797 952 999
365
119
132 154 221 543 650 670
117 354 775 827 900
306 379
0 75 272 324 347 495 636 785 853 990
7 21 137 322 389 458 532 834 919 974
8 221 549 614 699 790 865 967
603 766 943
98 176 213 280 562
34 198 809 822 869 953 974
55 90 140 176 216 345 367 671 776
133
618
24 83 179 190 216 362 468 643 853 999
27 52 183 237 290 438 527 680 763 830
221 286 380 439 900
331 472 650 740 930
196 401 493 494 893
10 76 163 176 529 582
137 188 219 282 305 350 354 527 570 970
432
22 166 242 250 365 439 650 858 932
3
766
102 766 787 809 813
17 140 219 350 356 510 581 644 697 924
38 133 214 329 414 440 515 824 934 974
115 170 421 620
97 538 781
458 557 657 665 745
6 67 507 769 904
12 120 195 508 573 756 961 996
513 587 767
11 52 124 146 544
124 302 305 432 507 541 574 835 910 944
60 99 190 340 563 579 797 827 975
244 345 525 705 829 903 943 945
116 725
103 229 598 646 690 752 816 853 942 990
6 225 465
341 671 689 701
129 350 907
188 321 365 410 835 987
210 306 402 579 832
11 46 85 116 452 742 890
305
250 347 354 579 706 713 961
57 277 327 407 510 775 792 822 834
35 301 380 408
59 244 276 809 873
213 526 585 671 796 829 987
161 394 529 591 643 804 817
90 133 140 233 294 296 543
190 236 367 402 697 811 847 992
132 239 281 540 742 784
184 221 226 261 321 944
86 354 794 806
166 182 188 194 221 296 439
122 134 439 680 686 835
25 140 223 305 325 665 775 882 963 965
60
160 253 396
835
133 364 633
692 786
364 365 542 752
785
18 35 116 312 444 525 911 924 971
350 453 851
185 353 642 780 882
61 309 393 439 502 514 519 722 911
59 166 391 443 539 775 790 845 968
401 423 790 936 940
114 224 287 335 469 498 567 845 929
17 214 491 576 650 654 680 945
256 329 757 801 961
191 257 290 439 510 585 643 698 869 936
365 534 834 898