30 50 57 121 643 806 835
597 753
99 219 641
356 690 691 782
74 147 281 288 457 775
184 299 318 432 537 860 872
951
875
99 170 277 502 564 872 935
34 206 328 451 549 596 691 728
251 277 493 502 517 691 902
20 691
56 116 251 277 541 622 736 881 898 909
346 593 659
48 60 333 379 500 537 754 923
74 215 325 341
37 641 800
86 418 451
251 254 290 390 523 856
37 98 246 271 500 600 648 833 840 966
54 109 152 179 282 290 403 982 997
17 188 206 447 566 656 704 857 889
98 109 227 476 541 688
330 907
613
837
108 610 706 842
24 219 239 499 515 613 865 953
253 328 443 479 581 657 799 893
565 873
7 386 578 676 678 722 951
1 60 251 262 439 581 636 869
108 658 728 771 997
415 462 580 621 833 846
49 594 610
49 62 284 379 418 652 795 865
170 249 339 694 743 854 922 944
396 462 887 923
86 363 570 852
72 390 398 466
7 218 375 387 394 499 517 662 972
6 42 149 506 610 789 817 873 923 965
65 648 869
43 54 185 309 437 541 765 865 947
7 507 936
35 170 325 369 548 562 762 780 816 976
67 276 500 502 541 610 714 808 856
40 44 54 122 249 251 356 856
177 224 278 301 308 445 803 817 934 947
419 748
142 170 219 229 251 324 496 720 997
81 108 225 610 663 736 841 875 886
244 272 387 415 920
327 775 871 986
116 251 340 342 457 466 566 791 856
196 564 571 839 961 970
31 277 426 467 856 879 993
997
130 242 483 540 709 852 958 980 991
32 170 368 480 748 873
115 296 363 489 736 871
108 176 186 318 610 724 736 947
277 477 662 706 856 951 953
108 209 318 825
480 873
200 343
602 626 856
54 108 245 431 499 568 626 690
65 75 172 206 721 935
382 475 991
794 970
296 690 716
230 249 343 346 367 427 641 648 752 920
42 122 254 490 541 557 892 951
77 93 433 463 475 698
84 571 794 802 899 916 958
230 753 806
281 386 515
506
180 308 324 353 636 762 794 967
54 244
462 493 496 566 628 690
188 351 471 820
288 871
112 196 451 589 610 694 712 835 872 923
65 84 196 336 532 686 814
170 513 919
152 163 170 306 327 648 824 981
25 133 188 248 278 317 489 583 707 756
204 297 499 526 556 600 648 691 922
234 322 540
93 133 197 263 369 379 400 689
251 272 325 351 610 817 851
260 271 488 497 690 872 937
3 99 277 297 327 343 602 616 706 811
98
34 249 457 462 500 649 736 771
297 564 696 993
61 408 583 586 844
106 456 576 644 647 770 873 925 931
21
303 583
217 500
45
542
99 212 319 359 390 544
136 231 355 361 381 556 729 794 976
648 879
23 415 418 820 981
325 486 538 873 993
0 99 379 483 499 594 648 718 960
134
155 214 345 413 687 926
12 43 176 251 367 560 613 789
457 810 866 879
123 565 622 948
35 193 564 624 775
108 136 506 511
48 246 974
244 262 848
195 260 297 571 652
73 206 345 383 561 746 805 967
30 219 344 356 771
58 418 789
86 102 191 441 731
653
192 246 494 600 798 991
177 206 290 358 610 693 855 934 997
634 775 879
142 189 415 564
35 146 277 343 447 521 544 583 856 976
30 204 277 485 515
123 138 244 249 293 340 477 614 908 978
857 989
5 35 690 966
56 96 198 227 387 486 494 555 967 972
364 489 887
272 387 400 413 541 610 636 968 974
170 222 355 368 427 621 648 809 829
99 170 258 277 515 522 759 792
42 56 143 293 376 379 520 599 628 722
27 246 252 387 594 887
842 907 922 938 976
173 471 558 644 953
40 168 179 188 412 810 830 994
338 744 856 951
7 65 305 418 421 593 881 893
204 252 321 797
54 203 251 736 959
476 668
75 170 249 345 590 690 943
82
305
108 124 500 761 762 771 779 784 854 991
145 187 213 379 499 688 694 710 775
159 210 243 464 613 628 775 997
54 180 254 433 483 541 613 705 789 987
437 508
2 20 38 128 134 215 311 580 644 865
100 108 246 266 775 997
836
461 509 806 951
7 327 338 390 437 542 594 830 852
107 154 464 566 568 635 648 745 997
5 108 125 663 954
152 690 753 892
86 181 231 255 487 692 850 856 886 916
246 260 409 784 976
30 42 109 204 427 437 564 648 819 976
75 96 237 238 610 707 920 962
74 75 241 325 356 541 726 852 968 969
106 271 277 309 997
340
7 75 170 277 537 901
30 239 493 524 543 695
18 345 702 833 940
90 279 431
277 729 767 794 997
2 65 86 224 240 276 528 628 794 933
578 673
71 159 237 346 386 417 447 557 583 618
301 447 632 704 831
29 49 115 152 387 593 755 794
54 74 254 564 614 655 762 908
46
2 631 916 966
583 701 789 829
157 478 996
83 991
167 293 317 318 340 345 415 500
202 217 345 464
323 485 497 559 678 708 749 754 803
74 90 121 227 319 462 511 648 689 818
361 573 668 762
318 388 446 642 736 819 992
150 158 329 464 576 583 909
147 166 341 347 399 493 638 706 801 994
170 307 343 356 564 616 775 815 873 967
257 277 449 514 648 789 890
27 70 130 147 206 287 583 626 723
30 170 288 538 541 612
111
204 379 455 966 980
99 101 108 277 579 738 794
75 122 249 327 364 548 585 722 907
126 158 246 515 586 893
125 246 383 418 422 739
221 277 415 671 873 895
122 249 541 865
72 717
76 82 127 227 376 406 697 810 923 949
9 586 771 872 890 976
98 122 327 407 493 690
954
30 90 252 441 560 699 864
383 547 666
560 925
33 108 146 260 379 382 477 506 648 751
7 19 151 345 940
196 243 419 493 494 680 770
35 41 134 206 309 503 852
302
31 789 856
177 257 261 331 387 610 760 854
195 198 202 366 560 563 689 716 824 851
11 170 276 583 654 713 852
541
99 318 810
170 259 418 834
80 325 691 803 954
170 271 314 358 470 475 846 898 908
42 72 92 249 379 529 539 736 771
631
219 227 452 583 616 661 745 953
8 86 126 648
56 206 535 593 628 675 800 818
60 598 600 833
54 489 709 805 965 993
147 152 198 865
82 254 462
338 636 948
106 126 139 246 820 920
85 249 319 400 541 715
86 318 462 480 831 915 955 974
141 251 325 586 641
65
146 249 628 736 974
74 403 551 572 997
52 249 297 460 524 528 595
52 86 297 502
418 431 541 668 782
82 190 236 265 345 771 852 964
990
20 318 332 427 592 920
57 603 610
38 69 86 277 387 573 723 784 810 972
946
332 675 828 994
161
154 610 638
95 190 277 405 638 736 758 771
240 316 574 707
26 204 540 849
123 611 762
100 240 275 347 510 944
246 348 387 469 477 606 738 742 808 852
76 243 572 879 899
33 313 356 540 629
113 327 392 427 494 648 950
67 168 280 368 525 717 784 839 856
190 254 401 920
11 54 74 499 856
7 52 316 356 483 570 595 603 806
403 648 690 865
82 108 130 246 341 524 583 610 701 968
108
182 749 848
80 203
338 634
84 595 736
378 709
249 601 751
31 34 215 540 782 789 913 939
5 74 813
306 319 383 398 461 541 564 594 616 854
277 367 400 600 628 698 820 948
54 248 305 540 558 690 691 908
628
9 126 146 571 594 820 833 978
181 239 251 493 577 749 840 872 947
356 797
170 223 249 315 472 853 991
153 379 381 553
199 350 356 369 462 530 689 878 984
122 126 155 328 340 349 477 991
325 400 696
9 11 164 374 447 541 827 854 871 873
4 249 529 536 763 789 904 934
4
74 108 594
3 345 350 562 602 615 659 681 820
461 489 496 786 794
696
66 442 495 571 627 964 976
415 483 490
344 356 395 670 820 982
241 418 907
7 34 134 296 596 653 771
25 445 462 925 933
126 212 254 343 415 571 800 991
170 373 576 610 797
60 262 325 343 555 605 916 993
383 424 628 758
126 212 276 288 360 602 902 967
19 242 388 409 509 531 771 806 978
361 390 435 475 489 600 648 865 907 920
415 447 689 719 856
182 204 400 462 920 937 993
37 56 122 489 580 736 818
232 636
212 259 600 613 655 884
5 26 40 415 472 771
441 499 582 736 866
237 251 295 403 658 945
280 336 387 502 524
41 493 622 629 962
74 90 143 182 190 246 540 552 616 681
430 610 861
556 666 696 742 820 831 845
74 298
74 216 353 383 388 535 669 818 846
54 98 329 338 622 836 857 976
540 610 628 845 916
277 415 564 736 847
225 251 332 400 447 464 540 817
48 108 271 345 476 520 687 735 929 940
318 480 714
242 336 620 690 811 907
4 67 169 222 445 500 564 616 706 993
117 170 180 243 327 542 671 856 920
77 260 297 508 702 736 852 856 981 997
75 149 228 369 379 789 897
110 325 326 334 366 387 589 663 899 996
11 170 199 260 266 477 728 796 903
196 277 379 544 653 989
127 204 349 431 533 690 706 775 873 879
86 152 211 462 648 866 935
99 170 267 387 427 775 803 871
3 86 178 223 415 423 550 628 690 974
571 610 748
99 993
90 375 551 658 773 775 795 966
2 108 266 431 499 561 822 952 991
645 794
2 134 218 263 334 911 929 940
34 124 170 200 492 506 937
126 358 524 607 648 649 709
25 113 711 845 942
7 358 418 541 613 845 920 978
754
28 69 152 396 489 554 566 662 856 950
4 30 35 602 874 941
54 489 786
170 251 592
99 268 345 377 541
0 74 478 736 758 947 955
99 487 655 658 690 833 865 947
7 441 541 552 756 923 947
41 67 111 146 418 429 572 857
131 343 405 474 491 784 910 947
740 915
42 167 198 214 415 425
20 74 109 441 516 692 882 930
34 82 500 581
116 120 292 340 494 526 608 706 771 794
115 520 560 747 957 983
90 155 379 690 771 964
69 123 386 540 707 947
122 153 535 610 789
400 404 571 713 833 879 886 920 939 990
65 74 108 317 667 788 873
108 251 444
32 192 663 726 996
862
99 233 251 571 575 701 864
82 578 917
525 689
284 471 586 602 660 970
204 297 647 703 883 952
77 381 395 449 583 768
427 460
246 541 856 976
170
233 314 447 649 856 970
116 243 541 553 687 713 918 979
289 379 403 603 856 967
52 207 251 418 546
52
104 132 134 275 343 700
54 122 453 564
74 206 327 377 690 715 786
143 306 395 613 736 789 797
296 500 976
45 233 923
125 134 714
61 500 641
48 149 203
102 223 325 534 865 991
206 244 251 343 364 412 615 696 974 993
41 147 356 459 481 648 688 844 907 940
106
34 93 123 358 442 462 626 628 792 907
45 141 251 462 655 874 982
98 272 283 417 446 555 641 756 857 861
628 654 662 717 826 947 951
90 198 388 465 489 501 553 658 667 852
108 485 504
199 572
461 610 806 849
152 358 415 940 950
30 42 54 628 789 983
39 201 230 338 720 810 978
170 221 243 332 564 609 694 880
58 258 415 701
19 108
99 871 947
23 48 90 860
68 602 969
86 134
74 175 309 755 789 905
50 360 648 719 780 831 879 993
266 311 360 861 913
58 167 346 538 673 690 711 916 950
74 339 378 456 494
993
345 966
69 108 387 662 740 812
60 87 177 379
78 488 594 967 978
54 83 345 476 550 569 583 611 623 789
30 87 249 345 363 459 531 644 695
39 204 388 415 997
113 243 342 378 613 618 721 789 856
124 494 571
75 165 251 279 403 653 678 871
9 259 296 358 489 504 893 966
34 295 447 478 493 937
23 73 152 343 366 455 560 674 877 923
122 277 297 395 583 671 730 848 865
318 628 807 953 979
195 204 950
239 900
74 93 271 292 462 636 736 789 920
367 467 852
583 737 953
574
49 60 86 297 537 616 696 789 810
186 325 541 564 625
147 572 923 978
583 983
332
83 604 798 923
64 157 272 642 690 771 800 834 893 969
87 115 146 215 722 919 944 947
74 96 277 297 467 727 820 914 926 993
7 49 204 315 338 400 472
19 109 237 363 641 701
158 345 667 913
343 800
502 578 615 648 857
122 219 636 857
41 80 292 594 993
259 325 395 472 736 762 860 935
244
17 388 646 730 771 871
102 177 330
33 108 221 352 361 613 774 789 858 861
190 259 497 555 791
170 251 367 398 499 515 626 681 818
180 297 356 397 456 476 500 803 840
25 74 144 327 460 522 523 531 540
644 802
5 99 355 993
95 563 880 931
122 346 464 746 881 981
517 641
516 939
56
187 866
95 138 497 542 583 590 616 817
593
54 191 628
152 162 443 566 610 700
711 775 853
68 245 534 564 593 743 817 938
62 170 315 418 492 690 800 846
23 54 211 318 445 593 689 952 966
48 251 494 605
146 249 648 789
244
996
51 610 747 820
812
249 423 500 582 658 847 873
722 809 997
20 259 524 794 851 953 966
155 342 641 840 920
489 858
51 76 98 204 254 361 644
98 384 486 494 740 820
583 694 856 947 997
108 291 616 644
108 199 471
277 671 818
107 499 678 736 861 920 980
529
10 81 82 180 249 277 325 359 472 602
69 345 356 541 646 984
648
416
142 242 370 445 461 549 775 959 993
160 204 327 390 457 458 462 569 962
535 650 683 687 779 845 962
997
173 351 571 605 733 965
57 76 113 336 462 610
169 254 260 621 745
139 220 340 642 690 737 739 791
34 106 116 563 691 806 840 915 951 982
85 253 326 333 445 541 583 625 991
72 76 254 489 541
540 915 997
206 273 498 505 593 810
2 165 251 541 694 722 811 999
167 235 298 600 653 662
40 86 135 264 278 334 431 707 746
441
122 706 836
74 249 481 610 811 873 951 995
74 109 170 288 292 366 564 617 690 888
499 522 563 763
131 383 566 571 817 858 996
393 558
126 706 969
126 446 673 678
102 375 703 997
60 493 710 762
237 326 430 666 825 970
36 95 246 505 629
24 162 253 462 820 901 935
2 49 204 325 381 387 565 719 748 838
265 418 462 583 600 751 769
326 352 383 716
63 736
170 249 400 475 770 858 952 993
126 251 283 290 489 541 561 610 649 952
123 483 499 775
30 132 262 583 605 713 788 925 970
92 158 234 279 305 384 405 678 721 733
99 108 405 495 536 603 671 751 901
19 415 441 540 700 775 824 854 868 977
583 605
54 176 237 648
102 127 251 254 339 611 746 765 926
387 749 984
7 75 775
147 326 460 511 583 685 696 730 851
152 871 953
120 182 653
23 325 383 387 673 689 690 856 897 970
147 487 541 813
30 574 600
66 336
959
369 444 489 564 628 892 978
7 204 247 560 722
108 408 614 913
56 170 277 628 638 790 946
547
267 327
26 74 204 415 463 481 617 629 873
13 92 600 844 890 915 962 966
60 122 539 596 685
146 335 379 485 541 567 633 690 818
213 254 329 375 398 414 499 528
32 230 524 551 648 863
455 828 833
108 808
82 97 371 387 418 523 576 690
38 388 418 541 594 653 684 690
108 170 180 201 418 673 723 910
117 258 275 542 549 600 859 931 993
65 186 276 461 647 715 820 976
108 124 271 277 457 481 482 564 925
82 289 576 586 600 615 899
105
318 387 896
86 184 944
383 487
181 483 541 803 850 920 996
262 303 500 605
462 634 665
7 224 356 603 970
271 309 541 775 947
279 482 600 681 820 846 924 941
108 171 251 318 497 736 756 811 920
82 257 277 356 469 500 794 840 865
96 243 504
376 756 870
418 467 477 601 771 872
51 205 576 709 876
100 297 594 704
312 628
69
215 444 502 530 628 892
98 277 345 379 447 583 771 789 896 915
122 325 528 654 989
582
90 184 451 591 736 993
49 108
21 424 920
43 74 180 544 799
204 233 503
122 297
138 164 249 320 441 540 553 762 976 997
122 236 237 441 929
288 571 620 655 997
260 361 925 997
99 526 940
198 714 775 923 928
292 335 417 451 454 526 567 606 923 978
17 151 206 284 389 500 655 674
73 109 122 167 379 398 418 487 628 907
98 161 268 309 506 577 672
21 53 296 327 462 539 876 915 954 992
100 732
75 199 462 494 683 722
109 132 144 317 383 818
113 641 752 820 837 896 976
52 106 170 207 341 422 494 733 789 923
72 126 493 831
6 19 404
44 86 251 362 410 462 819 947
356 489 610 694 891 901 920 943
122 328 418 669 780 852 930
108 484 620
114 415 477 560 629 754 786 833 873 953
343 549 583 603 668 915
121 203 395 509 660 689 722 820
108 205 206 222 260 455 471 489 500
510 546 712 789 991
136 317 462 583 636 656 906 989
4 243 314 691 697 837
249 340 455 499
14 72 415 704 750 946 973
82 146 224 325 381 624 628 701 852
27 146 204 342 624 655 801 882 976 978
268 340 550 564 647 794
77 292 387 451 618 699
388 938
463 834 991
90 180 183 254 411 610 678 909 915
6 207 356 415 561 564
74 150 421 581 752 833 960
170 204 206 345 415 456 485 708 904
108 343
230 363 462 493 593 730
922
54 352
108 191 206 246 415 489 540 552 919
123 223 291 309 410 648 706 811 911 976
25 35 356 462 465 939
87 118 246 340 495 810 907 940
90 232 292 379 418 500 522 541 765 853
356 394
50 89 351 415 489 576 810 872 945
555 873
541 697
7 108 205 485 515 593 628 689 879
52 271 445 519 564 658 804 953
277 288 336
940
43 75 147 313 571 775 830
315
288 345 379 923
86 152 379 846 996
74 107 144 161 931 966
3 99 170 341 571 613 671 865 956 974
54 325 371 620 731 920
225 246 311 776 906
856
146
880
576 931
31 74 486 583 613 726 997
56 97 494 644
4 302 840
74 130 465 561 570 651 806
246 583 600
331
9 352 774 952
281 641
145 356 387 405 444 918
564 821
753
297
54 846 947 996
152 169 208 220 574 605 690 691 945 951
909
122 308 345 613 621 640 678 942 951
95 764
198 782
75 152 161 301 838 845 848
805 897
66 207 496 524 544 564 656 804
183
343 387 446 692
164 360 415 701 820 886 957
60 435 583 771 852 997
703 856
74 206 298 343 369 521 689 851 944 965
9 122 276 418 571 618 648 845
237 311 355 624 852 854 885
224 345 583 974
104 198 249 415 493 555 891 907 951
142 233 276 485
134 196 337 345 460 534 690 696 736 874
306 328 406 412 858 991 994
21 637 690 713 777 907
177 387 506 992
82 541 976
74 152
68 80 158 387 493 646 793 891 989
16 33 325 361 376 535 722 832
167 216 237 279 356 647 687 770 856 951
249 379 462 481 518 564 565 852 873 923
18 386 462 746 872
78 106 151 387 404 507 590 653
84 254 387 476 901 946 995
146 154 310 340 351 494 644 673 944 983
117 188 331 628 655 781 940
18 247 297 378 471 684 767 779 826 915
170 553 558 583 671 885 935 953 969
387 726 772 881 947
129 219 550 583 723 976
218 336 471 564 583 653 886 902 950
154 170 462 661 744 775 840 904
105
341 486 563 822 847
279 415 552 571 869
672 698 865 885 920
108 247 423 809
93 229 331 610 637 775 886
167 187 222 233 292 296 334 532 540
237 243 276 387 494 628 718
133 195 393 479 933
74 114 297 340 495 563 665 775 820
690
0 299 387 615
345 509 656 675 855
49 122 170 292 356 363
146 304 332 559 567 673 860
204 212 254 482 790 857 922
216
7 41 277 288 433 506 800 874 892
269 279 315 457 499 585 698 746 789 847
7 129 204 223 254 452 482 563
271 327 576 615 705 833 974 997
227 566 852
7 343 381 489 493 856 964 995
9 61 569 640 718 747 794 997
204 363 499 501 690 799 907
115 155 431 626 950 953
146 208 387 415 548 736 853 854 925
7 72 74 789 812 915 918 978 991 993
384 415 600 686 794 907 934
789
23 564
93 97 400 415 444 508 573 684 920 994
606 760 931
152 173 907
92 216 302 354 422 640 885
72
292 561 583 610
204 297 417 546 729
231 493 541 697 834 852 959 975
485 786
68 240 271 363 366 418 665 967 975
7 24 331 462 642 755
654
372 562 648 747
69 102 249 429 489 571 594 633 844 887
641
277 487 564 812
25 122 247 358 565 610 851
108 379
343 445 454 555 846 852
193 566 578 953
358 996
324 343 400 917
356 696
126 395 566 658 897
69 183 346 628 681 831 854 857 870 926
4 72 146 180 541 863 892
427 437 561 736 806 925
426 762 846 852 997
3
277 673 865 873 923
951
379 432 534 628 997
545
119 190 387 415 717 789
54 147 264 287 610 642 691 863 905 969
243 500 648 806 866 918 943
67 417 755
294 909
125 215 282 525 660 757 766 947 965
144 387 410 566 655 915
78 158 276 325 360 361 698
123 155 182 385 387 865 920 967
108 170 203 325 650 852
295 386 493 612 653 871 957
77 166 170 415 610 616 789 852 957
74 167 344 418 907 963 970
11 35 147 340 341 351 526 682 997
336 583 600 956
378 418 942 970
144 583 728 828
25 387 487 757 789 938
65 75 96 224 379 401 662 678 842 907
30 37 379 628
82 109 170 196 206 528 564 722 970
17 43 320 325 452 976
5 447
273 536 897 997
254 541 583 641
180 271 282 297 360 379 404 541 770 924
49 93 191 330 462 877
106 633 690 737 789 953
722 800
10 128 325 397 402 550 603 829
180 184 555 820 908
374
260 286 671 930 976
122 345 442 455 489 506 561 628 778 953
82 252 447 457 675 722
341 343 628 674 808 844 967
508 678 909
219 363 532 749 844 875 968 976 991
119 662
499 545 564 648 785 831 915
57 176 227 251 470 759
122 288 318 410 555 712 931 978 991
618
7 526 649
25 149 636 683 780 937
270 320 541 555 571 644 768 776 832 952
25 535 582 689
262 291 550 572 653 660 662 771 825
142 878 997
182 920
342 356 415 464 499 629 965
99 487 844 849 857
186 297
42 246 410 430 494 566 635 720 762
69 345 388 585 653 842
82 176 356 696 724 736 757 810
642
30 35 80 83 152 248 576 625 789 906
144 317 410 441 551 730 925 930
486
7 236 394 415 483 794 801
7 254 362 427 456 706 831
7 268 648
54 298 449 610 611 690 969
54 56 249 969
36 86 99 656 722 894 991
156 256 564
560
104 142 274 577 711
263 375 402 405 824 830 855 878 901
26 31 54 309 464 722 892
225
224 982
117 636 691 856
9 74 105 123 126 523 663 913 950 965
9 33 39 82 205 931
271
415 462 553 922
610
61 297 364
66 605
383
5 136 165 337 708 992
56 969
309
122 123 239 251 418 515 953 989
40 74 239 331 586 650 721 856
72 244 426 443 445 583 690 915
906 993
54 583
206 243 249 387 477 904 966
379
83 98 471 612 671 689 794 920
179 307 314 493 732 771 800 959
364 610
54 122 329 510 571 607 811 950
151 216 379 717 836 866 871
80 483 613 846 920 972 977 980
340 515 893
7 80 142 246 583 640 736
372 392 412 590 628 978
99
249 379 615 754 938
57 99 189 277 485 541 668 673 830
767
87 99 187 407 415 418 514 624 650
54 82 219 373 376 711
82 349 564 882 901 997
163 525 916 920
146 335 953
6 37 113 184 284
130
7 29 563 805 811
82 246 308 356 609 908
122 277 418 613 820
148 249 415 585 610
155 221 249 267 282 400 570 594 727 937
74 90 98 265 275 353 499 686 741 989
31 263 363 397 540 610 690 764 978
7 72 167 284 325 379 387 421
291 462 626
297 374 385 694 754 771 826
264 341 506 511 648 670 690 737 739 850
355 722 802 953 965
152 221 259 566 676 850 865 928
485 736 782 881
170 254 415 583 602
246 251 294 312 393 429 512 920 966
58 180 187 399 441
147 462 691
74 244 417 442 482 551 582 716 764 873
153 279 558 561 628 895 967
139 736 820
251 345 369 410 418 775 794 881 892 997
7 327 624 696 947
82 99 143 174 196 246 722 742
54 76 268 395 444 541 587 830 935
7 31 104 376 417 500 596 907
64 170 192 268 271 522 565 717 782 964
722
26 822 969 997
690
4 115 122 563 694 818 859 903 997
69 251 460 987
122 897 965 995
489 493 767
109 122 232 251 388 499 628 690
108 404 836 852
62 249 285 311 461 475 493 596
224
101 254 355 379 564 610 997
7 53 72 200 566 648 670 773 965
69 135
145 301 310 541 688 820 916
149 325 340 488 803 889 960
260 540 548 566 865 918 976
230 442 681 775 794 879
54 271 329 415 693
648
75 122 358
216
126 245 251 254 422 481 690 749 978
122 154 817 949 963 976
447 494 564 572 744 771 857 962
394
75 273 552
445 489 564 687 728 781 794 965
122 240 425
42 82 249 364 457 541 920 942
50 349 484 613 688 810 835 836 847
8 120 134 158 204 249 345 552 947
30 300 325 831
4 206 222 376 683 772 806 846 967
13 327 471 771 796 865 965
325 942
88 555 578 584
108 162 246 356 500 920
35 80 246 279 564 923 966
30 781
122 355 462 564 690 692 810
388 400 425 526 541 544 648 653 825
152 541
9 155 221 336 526 880 964
7 48 99 251 325 575 576 841 980
170 245 260 376 810 877 892 983
260 415 494 566 706 849 889
87 319 394 482 537 666 879 930
40 164 351 690 860
70 251 441 563 564 880