409 552 724
259 324 380 525 615 681 723 903
228 802 929
151 372 502 525 542 763 789 841
258 778
115 316 574
107 443 581 875
117 196 324 532 660 737 910
39 220 232 358 505 568 727 815 937
407 408 619 675 804 887 934
88 177 356 378 777 850 875 998
309 387 686
149 271 983
115 147 234 246 596 666 727
10 226 251 437 533 559 611 770 802
408 434 615 619 726
232 340 458 743 882
91 381 443 890 947
352 368 572 705 740
1 107 150 192 268 376
136 193 426 613 724 949
620 657 678 680 727 734 783 897
149 377 472 779 792 982
64 147 491 565 809 890
151 192 940
497 611 621 657 820 828 921 983
808
9 19 376 378 484 559 589 841 966
317 578 730
137
107
560 648
50 211 631 662 764
534 611 615 720 773 977
68 408 451
453 470 584 724
1 398 583 631
129 192 220 443 458
107 115 151 231 772
244 483 525 643 653 662 689 707 811 913
44 125 230 331 338 497 613 671 734 898
44 65 107 211 661 727
823 874 929
309 517 580 710 807 937
168 234 352 638 671 875 954
9 20 613 734 802 827
396 465 534 654 844 950
107 316 342 365 545 730 749
139 168 185 251 615 786 895
643 671 862
185 268 774 850
348 534 997
151 514 730 783
47 124 151 317 397 446 514 774 805
319 334 335 352 724
149 381 505 615 675 683 810
21 153 163 765 806 841
290 587
227 255 521 882
155 272 729
129 147 268 383 680
107 134 147 442 514 586 757 802 854
150 278 478 563
192 334 575 620 703 755
115 243 458 476 756 910 951
59 251 420 478 637 713
107 613 615
55 66 135 158 311 377 508 521 969
611
688
112 468 677 747 771
19 130 242 471 594 750 766 892
133 207 305 364 377 458 548 795 959
91 151 443 676 717 756
107 826 887 974
89 114 123 488 671 703 833 874 902
311 333 340 362 404 583 589 655
13 149 166 443
792 969
8 234 377 777 847 888
1 142 685 748
314 928 934
77 135 306 408 565 734 777 855 939
155 159 188 209 259 434 618
123 139 263 267 352 572
120 151 220 511 684 844 850 872 991
548
43 329 426 451 611 727 809 852 887
52 192 255 457 608 617
312 683 723 769
583 802
344 396 410 452 500 638 847
165 171 310 413 443 531 536 743 849
168 417 534 850
220 967
236 777
31 296 359 454 511 620 694 846 963 992
139 739 747
155 282 852
548 613 727 731 927
74 199 403 543 847
43 381 534 815
36 99 220 415 611 613 743 809 835 966
140 253 352 381 763 828 982 994
47 107 115 259 364 595 619 965
131 248 470 600 619 630 727
44 92 93 152 259 527 583
136 251 535 756
309 820 850
47 82 184 314 355 372 413 445 649 882
58 119 139 358 459 469 548 829 923
74 625 739 749 779 783 809 822 943
61
86 159 316 348 419 632 700 804 911 956
124 352 402 500 617 846 885
84 615 847
122 202 521 619 693 826 872
64 268 416 668
259 615
454 772 867
267
96 107 727 826 833
115 151 288 497
15 568
62 151 232 807 869
155
39 188 277 855
440 567 873 888
61
135 168 552 648 670 724 862
65 245 454 499 702 772 774 875
96 115 346 389 477 665 885 903 946
58 159 255 337 433 439 464 710
59 147 412 492 568 586 653 981 992
180 201 453 454 572 628 777
311 332 381 497 693
74 209 251 272 311 680 847
61 492 615 851 863 976
35 443
58 67 408 611 619 835 934
311 976
151 309 352 631 747 859 898
246 499 646 680 716 833 952
826
239 377 445 458 577 817 829
497 620 729 852
268 408 484 716 809 988
139 548 575 577 611 740 825 948 991
139 146 155 214 244 401 630 847 986
116 377 408 499 680 727 862
244 358 359 386 449 618 824 926 953
82 107 266 310 568 620
818 993
394 949
61 151 230 251 317 589 733 890
75 139 210 270 595 613 868 878 886
68 195 378 550 565 583 606 771 815
108 139 358 497 576 613 735 784 935 992
251 611
295 316 454 536 559 624 778 903
58 671 824
414 443 593 599 625 817
611 656 952 999
130 147 171 881
151 359 435 666 705 813
86 559 595 766
90 116 756 841 887
274 325 416 602 786 863 967
207 211 324 409 443 494 620 875 937
853 858
124 138 676 681
727
124 199 425 505 729
124 727
22 58 159 186 268 583 707 727 777 887
12 177 388 780 912
47 268 288 489 611 987
186 381 382 477 534
256 342 470 478 505 600 608 655 828
44 129 251 488 585 587
58 128 247 268 627 683 716 861 915 992
837
9 159 317 659 756 815
455
267 837 841
44 124 168 186 556 609 636 696 896
251 389 539 589 691
9 159 255 409 611 620 744 964
230 412 586 987
19 288 309 419 477 802 885 890 959
221 409 534 624 657 670 724 772
36 872
310 468 608 630
151 898 923
58 259 615 625 965 979
552
112 244 809 844
1 184 904 977
58 90 718 823 829 888 911
149 477 525
408 502 756
881
25 48 64 90 370 589 834 976
191
58 179 251 253 412 481 501 766 992
71 408 580 770 772 982
117 147 290 292 443 581
68 259
87 110 168 272 304 347 492 668 764 940
608
419
47 155 191 219 852 933
163 280 555
333 409 443 448 505 724 845 877
99 408 486 580 704 706 833
114 754
115 155 161 309 864
44 589 678 754
68 107 151 268 312 335 608 881 898
108 120 255 305 586 589 710 967
630 774
107 552 602 649 671 717
21 184 355 385
1 212 253 289 417 502 691 774 832 859
150 230 265 268 655 676 740 885
186 329 350 426 468 478 506 548 557 934
28
109 267 578 744 948
541 691 743 992
59 97 146 204 257 408 470 625 656 978
254 355 552 750 800
14 310 426 497 675 727 822 872
45 179 260 319 624 838 981
190 267 310 352 377 502 518 563 787
419 888
155 186 254 548 595 618 771 786 820 868
113 115 124 177 259 422
381
96 903
68 317 378 408 792 812
155 159 184 378 542 620 694 738 903 934
108 201 308 389 501 727 751 809
113 169 209 268 435 470 717 875 993
454
15 613
5 171 342 707 712
267 362
209 308 391 734 768 822 831 836 841 938
771
328 721 727 784
143 243 254 506 586 676 727 746 809 829
875
352 420 484 548 551 716
74 88 155 352 625 753 755
600 801 822
247 469 810 841 882
20 497 536 602 934
46 316 342 476 774 880
20 134 303 572 983
1 39 180 355 377 580 583 643 724
21 259 367 382 443 568 656 724
45 91 309 321 770 877 898 964
34 180 262 408 496 727 766
110 659
121 139 409 426 442 596 783 864 992
104 112 169 251 437 934
918
94 224 276 289 526 766 992
13 139 149 155 257 414 497 558 618 931
682 844
389 477 638
751 967 977
45 107 316 416 844
55 364 488 512 938
450 514
148 196 310 317 599 669 956
43 62 114 198 235 619 649 651 731
139 534 764 777 978
5 230 342 618 765
705
498 580 647
74 342 570
234 238 747 787 896
91 111 352 377 903
677
69 115 134 199 602 643 783 957
1 402 887
21 224 360 523 625 706 736 766 903 970
190 499 656 771 950
650
251 325 816
107 254 350 386 777 798 845 939 962
324 360 487 488 513 620 680 749 777
134 378 416 458 548 657 774 783 815 849
784
64 492 684 847
1 59 139 316 380 454 559 619 710 932
5 124 207 559 643 724 766 809
139 263 265 430 739 763 916 954 992
55 443 535 676 772 802 816 843
359 440 647
50 86 187 255 379 608 743 934
13 45 443 526 811
121 265 342 458 570 578
463 632
15 65 89 114 220 377 524 740 783
115 271 408 611 737 743 969 992
112 139 151 443 518 718 761 842 987
65 230 474 727 740
40 134 151 377 478 734 826 959 962
15 44 228 268 478 541 716 842 948 996
242 411 477 497 657 690 734 769 808 999
121 726
611 621 625 724 738 774 868
91 220 279 290 408 505 552 680 772
134
1 251 352 652 655 802 833 969 984
11 149 174 282 946
74 613
309 613 681 847 881 992
9 44 142 409 753 875 910 996
123 124 352 727 764
93 116 129 802 809 839 919
49 58 146 487 501 580 777
90 147 168 329 507 690 839 885 993
58 62 134 277 309 371 372 497 860 937
117 155 316 324 360 408 414 760 981
58 115 158 166 288 342 809 829 934
348 548 612 783 850
348 353 625 851 992
408 606 682
147 232 268 340 377 408 724 820 875 936
59 147 251 309 445 534 619 716 727
838
292 356 381
796 988
310
38 526 671 986
39 139 147 254 613 651 832 882
443 534 777
125 372 557 743 774 916
59 316 620 763
44 58 86 282 425 443 497 574 734 852
186 420 470 526 648 777 820 896
62 175 218 311 397 523 883 910
107 159 195 362 513 621 758 817 967 999
9 149 241 324 615 880 933 997
0 147 212 499 514 693 938 995
151 234 306 525 565 686 705 748
980
39 561 727
74 275 316 410 488 611 679 777 875 929
454 464 664 707 733 797 798 812
115 124 557 749 872
61 107 595 661 724 751 885 986
259 310 381 536 678 681 971 988
2 138 146 155 364 552
61 180 501 519 589 841 968
58 665 724 772 823 934
124 139 169 317 319 612
15 192 352 376 416 501 544 678 691 917
186 207 403 966
10 74 409 569 613 718 769 804 852 967
23 28 415 552 679 734 818
596 724
118 146 151 259 310 433 522 537 954 993
154 176 352 552 562 710 809 888 903
282 381
74 192 258 534 602 992
151 412
230 259 458 923
19 44 82 107 146 184 289 418 661 875
159 268 699 902
107 145 470 497 837 903
116 294 381 439 451
55 151 319 389 566 615 666 683
498 619 727 934
409
115 151 355 408 488 548 596 726 809
235 318 372 514
82 451 603 746 885
1 21 272 690 875 887 954
107 130 299 589 590 632 862 872 998
107 285 896
72 192 202 389 572 596 613 761 863
286 309 712
44 530 531 620
155 202 209 325 482 592 690 829 979
10 155 214 488 585 704
496 514 516
143 192 228 334 364 566 598 661 670
357 783 875
78 151 173 274 454 695 724 726 914 967
408 505 559 611 645 705 708 764 822 938
27 78 104 174 265 317 488 589 657
138 149 188 421 722 992
376
209 232 572 619 987 991
710
52 54 227 267 315 381 439 548 703 749
311 351 602 730
59 78 134 188 352 676 776
174 431 813
262 381 492 809 847
23 34 59 224 372 420 552 572
415 488 580 889
245 348 453 477 478 763 803 826 903 999
59 158 259 549 600 915
151 325 331 437 497 727 777 820 875
61 100
259 310 312 903 999
15 87 435 560 625 650 716 727 836 862
74 408 611 620 956
108 186 192 224 293 340 760 768 774 914
28 47 192 418
64 124 179 251 348 515 525 694 812 844
99 253 650 766 891
96 202 469 552 586 646 716 924
168 412 783 786 971
44 146 377 680 691 707 746 805 983
16 39 575 691 705 888 891
15 372 375 492 569 772 818
4 238 408 657 951
772 902 934
187 201 332 624 727 739 828 966
39 86 115 408 704 732 738 979
11 408 734 777 850
627
799
146
737 749
477 763
44 107 219 230 311 430 560 596 657 789
552 583 844
726
87 234 497 615 651
248 488 602 711 732 740 807
76 386 398 619 787 802
19 199
987
364
195 254 266 580 924 929
51 124 454
115 195 583 615 727 816
364 500 668
251 307 399 625
1 115 124 278 306 784
255 418 483 810
59 115 201 534 602 615 923 934
209
220 290 307 829 875 965
62 96 146 148 186 383 552 992
510 727 841
21 39 361 786 897 903 941 993
184 244 259 317 559 613 992
115 179 454 571 727 869 934
1 600 716 818 992
124 477 738 789
110 409 676
169 199 260 475 620
15 67 238 539 615 772 789 809 898 943
23 58 151 262 270 397 614 695 962
64 343 512 694 783 869
101 209 309 362 503 568 727 774
13 348 359 380 675
38 74 107 251 349 470 478 774 829 990
63 295 383 470 499 534 548 575 608 878
63 115 229 239 280 376 638 671 766 780
59 115 434 629 770 935 968 970
99 147 651 873
405 496 517 734 756 835
112
92 151 374 724 870
39 186 375 595 602 609 753 984
49 125 252 413 620 749 777 882
87 192 255 448 487 615 691 774
44 418 454 589 615 833 873 895 968
232 320 469 552 595 716 724 837 846 960
730 777
114 533 976
14 115 316 418 568 615 763 993 994
236
451 829
28 75 159 725 756 824 864 984
52 129 360 966
155 162 399 419 545 806 817 898 979 985
236 350 353 478
377
184 186 421 609
548 619 665 772 779 847 988
149 376 589 611 613 691 739 861 992
350
58 240 888 967
105 149 229 259 396 579 796 849
28 86 348 586 602 771 800
313 535 556 786
13 115 376 613
62 185 987
2 58 483 502 542 590 726
107 412 497 586
726 898
319 739
74 488 787
202
21 107 115 168 217 289 552 760 943
23 215 220 387 683 976
268 270 309 454 615
316 355 426 959
251 731
171 315 448 850 954
361 560 751 957
23 77 405 492 786
258 394 415 685 710
51 366 812 847
182 202 381 903
5 77 252 625 671 690 848 973 983
155 163 408 443 809
220 241 534
25 195 234 254 423 470 475 680 738
8 236 247 282
8 88 426 592 629 649 773 789 790
1 115 134 306 381 408 488 513 625 937
177 259 319 535 630 993
58 290 316 583 670 862
82 147 224 232 273
35 58 470 477 505 727 816 852
115 168 516 648 872 943 978
339 739
30 186 290 473 505 557 698 705 841 973
580 783
20 534 643 766 775 847
209 268 849 903 940
107 268 467 477 521 815 825 872
129 414 426 542 609 662
168
44 132 184 559 586 686 852
82 124 443 488 508 652 792 850
149 589 621 770
90 107 419 917
311
414 794
124 327 372 454 500 759 842
49 112 232 306 407 504 704 774 927 940
356 369 583
9 301 317 654 743 777 940
139 183 609
43 53 77 124 221 226 724 812
1 251 690
422 449 499 701 734
499 696 738
59
613 707 844
88 168 248 581 727 820
372 865 949
44 176 230 250 525 624 800 997
134 586 671 707 724 732 808 832 956
116 188 241 259 477 736 811
819
161 173 186 262 492 521 630 704 783
163 664
58 209 217 223 311 396 467 724
923
82 282 367 657 987 999
202 869
37 129 376 377 426 727 888 993
61 107 118 193 442 470 474 646 836
203 774
363 625 626
519 677
74 131 278 337 441 552 594 982
172 220 613 749 772 882
1 47 95 217 247 375 609 720 783
582
184 529 823 854 992
151 502 595 934
311 590 824 984
151 614 746
34 168 481 984
61 704
147 202 256 268 376 718 860
20 28 223 358 397 537 686 756 857 945
254 521 696 707 785 817 867 882 934 969
335
58 418 477 494 602 664
44 115 232 552 600
68 100 155 270 310 377 619 756 850 885
408 992
40 111 268 372 809 833
671 817
13 170 409
58 243 285 391 501 506 548 685 921
39 602 774 777 824 872
604 774
201 320 408 596 671 777 825
60 137 186 234 522 576 598 620 727 905
1
135 501 521 792
93 149 151 601 632 850 872 898 950 992
68 70 261 293 348 656 899
100 650 705 707 716 828 843 896 915 939
44 168 234 244 264 309 548 842 875
52 57 149 347 615 624 977
59 98 313 327 453 559 777 783
625 809
70 124 409 476 499 693 724 850 965
818
348 505 949
705 771 777 783 964
425 679 724
440 533 611 625 676
51 596 956
182
523 903
47 58 129 266 316 478 575 934
207 589 615 880
77 156 268 303 544 576 727 806 818 948
240 444 691 727 815
48 839 938 967
146 357 407 670 683 908
19 368 477
64 150 173 584 691 847 894
265
58 74 151 442 447 615 718 910 982
192 290 426 483 492 668 671 766 783
111 734 836 857 916 962 987
46 82 352 397 451 560 777
572 706 786 851 895 938
151
149 383 464 736 766
172 413 501 684 744 960
474 728 992
102 534 704 777 801 802
40 49 59 139 254 270 359 661 817 854
327 330 548 552 949
105 430 487 559 676 749
115 230 232 352 489 566 624 862 921
52 141 254 272 497 572
151 168 239 282 408 686 724 809 847
75 242 496 548 587 618 807 887
45 125 186 252 503 505 665 680 711 736
151 605 763 770
336 347 727 749 829 875 978
443 651 829 847
535 568 991
72 151 373 682 847 935 966
10 113 270 502 732 740 810 948
44 147 149 347 365 381 548 621 700
637
259 316
395
400 619 762 992
58 162 611 656 725 899
470 488
186 589 839
416 426 766
149 651 782
90 186 189 427 613 625 705 745
145
272 759 872 986
59 63 139 348 562 704 932
2 18 107 877
195
125 151 310 769 817 867 916
470 796 847
66 897
499
381
96 315 439 705 864 923 977 992
69 427 625 703 978
408
772
21 243 251 268 402 507 509 526 756 817
58 352 501 615 651 835 847 854
20 271 310 398 796
14 32 91 381 630 965 967 992
59 78 151 208 259 265 454 756 914 975
9 26 82 175 232 383 428 850 904
534 975
139 203 324 426 477 548 629
454 704 732 809 841 958
98 168 186 325 697 710 983
255 310 359 559 622 646 898
174 239 352 364 454 487 605 903
161 620 772 892
1 254 501
233 269 381 433 458 845
59 115 270 855 947
59
44 94 251 304 443 491 743
169 326 352 486 656 710 733
201 227 251 311 525 619 754
477 492 828
107 874 885
589 888
373 389 552 695 847 895 967 993
11 463 815 833 885 931
44 125 340 345 435 897
138 151 340 613 619 651 724 875
58 251 408 570 600 651 728 772
59 115 176 559 684 923
232 343 497 612 657 686 803 850 923 994
2 62 149 152 191 744 903 938
408
21 139 310 342 609 634 703 723 828 919
306
91 383 443 693 811
536
415
124 872
139 202 308 311 348 374 514 586 923 947
94 377 416 577 766
756
2 180 263 316 505 621 724 727 756
151 199 429 613 741 987 996
115 193 220 389 443 552 638
59
10 59 402 447 481 552 634 657 669 771
186 268 448 477 620 680 705 766
44 550 595 619 744
316 514 580 596 608 656 716 763
240 290 488 583 884 902
6 194 381 715
59 499
56 86 95 118 268 818
58 96 202 426 449 548 608 675 993
38 54 186 315 389 615 627 630 751 867
25 114 255 759 934
298 392 691 977
58 107 168 186 264 384 557 568 620 864
826
169 724 923 971
788 897
19 363 440 724 872 932 943
305 391 600 661 715 766 991
232 454 583
431 552 772 862
44 841
96 268
168 270 477 823
300
207 618
65 186 192 233 277 292 470 619 947
41 149 249 497 856
348
167 193 441 626 774 815 835
115 282 339 453 680 710 743 804 932 935
148 885
389 408 497 552 625 640 671 736
840
133 378 447 458 934
115 165 199 271 375 568 613 676 725 847
123 389
230 300 366 890 896
7 170 268 800
259 447 689 869
420 469 730 775 828 838 899
620
274 454 734 847 923
180 259 381 534 542 656 708 737 786 990
74 220 352 654 665 673 710
277 350 418 691 913 978
18 39 59 151 268 311 443 534 548 828
342 648 755
63 230 532 691 774 884
61 85 371 442 615 782 906
43 202 251 497 548 774 856
368 604 864
74 458 624 739 748 771 934
177 290 454 552 568 809 923
47 115 443 654 835
115 198 234 249 396 412 495
327 373 478 577 612 625 743 749 986
115 401 454 638 739 809 829 832 899 966
251 777
552 739 744 858
88 115 283 311 396 469 576 967
620
107 220 749
107 138 371 772 857 955 984
44
832
107 188 195 492 748
86 180 268 517 624
107 535
114 257 303 316 352 619 657 676 972
112
154 585 880
44
124 163 174 623 760 786
22 386 505 545 756 759
21 464 492 552 600 716 857
37 161 237 317 454 724 727 970
293 348 408 525 585 596 625 875
58 86 198 211 232 421 536 662 705
186 412 454 688 807 850 875
209 278 311 508 657 802 862
21 74 115 120 124 155 232 389 855
112 146 352 381 400 630 774
38 266 342 478 546 774
411 668
102 207 408
58 777 848 935
347 566 777 898
596 705
531 875
310 454 897
311 625 643 848
163 170 268 540 572 618 896
117 259 273 454 510 657 865
572 577 595 638 921 991
376 812 818
54 98 613 652 691 699 711 752 948
151 567 664 903 968
10 151 192 500 513 544 838 843 867 899
24 58 655 680 707
425 621 875
44 195 209 458 462 572 639 696 740 992
15 149 371 565
331 774
96 177 449 592 705 743 808 821 885 993
309 370 398 615 630 678 811 839
338 492 665 694
457 892
124 134 171 177 202 964 991
568
268 408
567
1 155 186 552 568 586 594 769
289 415 826 843 928 937 960
237 267 315 572 665 908 947
124 350 363 398 691 799 982
162 212 412 548 638 809 850 909
306
95 147 454 501 846
39 45 226 332 735 744 862 902
58 196 228 451
44 548 559 784 815
110 124 534 724 777 815 934 978
139 315 584 804
120 146 209 340 918
79 183 380
58 276 359 381 443 501 676
355
928
155 251 268 352 602 727 769 801 850
147 290 417 552 586 611 615 948 971
182 311 355 534
58 100 116 345 419 472
669 675 829 911
61 207 209 340 376 611 903 964
83 197 215 251 496 514 552 589 823 993
595 640 880
977
8 78 409 572 922
10 124 207 271 372 398 500 615 890
595 783
179 408 487 579 865
440 727 958 962
151 366
39 43 267 359 621 732 785 946 983
58 106 164 214 492 613 640 675
498 934 967
19 71 372 458
117 150 440 740 756 783
70 168 258 356 464 624 700
15 115 142 331 484 680 693 695 705 755
615 641
368 602
47 124 353 471 513 602 686 826
408 497 671 777 787 843 895 967
146 408
167 171 268 776
381 671 707 727 748 797 991
155 311 325 468 559 638 749 968
107
254 268 293 355 443 557
139 209 423 534 701 903 984 992
21 579
58 75 354 497 739 812 884
302 506
65 162 321 670 849
644
20 456 470 548 620
32 114 159 435 511 870
282 521 826
586 707
194 199 277 513 605 611 613 615 863 966
146 234 330 724 776
259 320 458 600 670 716 776 958 960
8 168 325 374 489 548 571 625 805 968
37 75 470 557 622 829 878 979
949
255 623
44 211 478 595 676 728 747 772 979
115 155 195 202 424 438 583 613 850 862
174 749
505
100 352 409 625 640 743 991 992
58 148 220 230 505 615 621 743 905
100 137 451 488 601 607 875 906
1 297 316 470 559 721 783 802 863 872
62 601 999
379 656 707 987
77 155 289 748 903
19 227 254 377 426 532 559 817 837
147 352 407 423 489 651 812 951
381 454 582 774
86 890 948
132 143 228 374 454 739
58 119 587 668 685 710 766 844 872
559
45 68 139 145 267 777 812 886
308 355 885
131 149 408 484 724 850
97 309 568 812 815
230 297
236
179 265 311 372 426 512 548 717 898
680
150 151 253 314 409 824 860 964
316 491
100 333
202 394
78 211 243 311 508 885
20 110 174 572 613 734 809 828
10 34 58 115 194 201 251 405 534 639
138 151 228 456 523 546 610 716 818
58 201 318 559 603 661 711 817 833
833
70 112 164 310 406 478 574 771
128 138 249 497 628 715 850 951
431 448 452 804
138 139 668 835 873
454 773
19 151 195 236 559
424 488 716 783
187 202 276 377 408 412 526
251 304 360 461 710 809
15 26 139 229 319 739 903
25 125 649
28 47 57 342 596 773
15 58 63 316 408 891
284 697
118 168 414 512 589 615 727 834 874 979
552 619 734 850 852
151 325 505 723 898 949
289 492 506 602
151 585 625 982
69 101 148 309 756
82 259 715
236 898 974
107 350 934
724 733 783 898 932
115 235 586 931
51 236 463
454 455 924
931
89 389 492 505 595 822
184 560 585 606 739 858
325 657
50 335 368 377 777 842 897 987 993
220 705
1 44 115 443 624 813
268 851
258 559 575 630 657 683 907 926 951
44 47 146 236 487 595 724
148 188 382 408 478 521 551 802 858 878
74 499 615 640 725 809 816
298 739 872
63 236 348 378 488 608 669
8 19 236 352 354 567 847 871 945
107 458 811 958
7 548 661 774
66 438 737 850 881 914
171 190 251 499 671 743 772 774 908
28 99 171 255 352 365 381 402 565 993
115 157 292 407 557 671 718
247 252 274 602 724
151 480 526 615 727 816 833
309 339 429 454 523 527 602 608
32 608 783
103 274 497 619 794 863
130 146 180 311 319 656 738 979 999
91 595 633 678
39 589 885 985
255 523 723 934 987
149 602 703 944
44 131 210 273 333 535
57 268 393 421 525 548 578 678 983
64 94 251 262 415 706 733 736
559 777 848 908 931 956 984
29 118 272 295 756 832
501 595 691 960
187 364 478 847 881
146 155 389 408 456 526 589 775 911 917
511 746
163 178 354 458 613
44 173 259 311 352 484 671 705 724 746
59 214 621 956
363 633