3 134 210 408 458
2 192 275 485 539 685 693 880
581 958 962 964
202 873 966 982
317 341 450
313 369 509 513 538 728 746 892 986
49 116 201 369 550 552 655
235 392 517 585 774
21
588
485
108 386 421 545 552 570 674 742 907 972
154 317 389 432 571
245 265 392 415 553 783 832 962 990
193 310 376 985
87 362 387 751
339 394 396 787 829 918
19 190 209 343 396 510 639 693 858 880
905
196 304 485 539 543 545 553 706 936 994
92 191 203 247 464 531 556 673 935
82 744
74 185 190 226 369 473 535 563 749 952
63 317 369 432 721 914
32 241 369 866
27 227 313 402 507 783 869
32 200 214 275 331 454 541 669 853
420 596 801
143 174 244 456 510 545 552 620 840
552 667
392 440 552 595 648 653
13 33 72 554
436 445 539 553 577 589 604 642 739 942
220 331 458 644 743
78 169 855 880 904 949
206 420 446 447 568 856
473
233 577 946
190 317 553 750
581 945
5 144 210 543
50 255 499 545 562 585 591 808
502 677 856 932
43 89 817
227 300 317 327 392 435 446 783 875 995
126 357 417 647 880
169 315 330 479 511 729 749 821 856
234 317 392 472 539 544 865 880 918 936
92 111 451 616 899
113 124 170 329 578 690
7 305 393 492 560 563 609 754
43 265 606 847 990
65 74 92 139 219 711 766 830 986
234
133 371 446 532 847 927
5 252 563 779 937
38 92 200 317 498 706 763 932
457 938
26 115 473 544 936
548 663
69 244 841
28 137 216 458 626 934
589 971
11 190 239 241 437 688 917
168 231 548 656 676 809 944 965
864
216 274 281 345 366 377 835 932 990
166 190 449
11 41 108 369 693 737 857 942 945
3 935
39 266 317 396 539 899 938 957
539
212 277 317 419 744 914 920 975
223
69 210 423 509 565 744 805 840
237
112
63 107 172 265 392 568 570 908
785
520 820 855
134 326 369 454 723 747 831 968
255 328 335 657
124 639
149 151 369 373 380 389 408 946 978
4 124 212 423 647 737 740 912
182 331 446 926 972
498 694
233 281 340 545 783 990
237 488
305 382 421 503 528 558 588 719 973
553 570 660
9 496
32 190 214 251 369 488 570 728
241 372 906
313 404 565 857
29 80 141 563 702
32 81 369 384 449 735 745 855
9 113 169 520 534 692 912 930
341 535 846
847 956
9 113 239 278 769 789 818 826 907 940
134 369 403 448 479 552 710 744 858
643
119 158 915
69 113 187 322 492 648 751 813 828
8 150 346 433 437 545 616
437 682
593
28 275 552 666 822 903
281 370 389 433 483 690 777 779 860 942
548
32 166 223 227 318 623 750 821 989
341 458 485 559 809 824 887 966
106 276 311 446 829 846
299
26 106 382
584 894
92 107 192 317 426 535 613 754
483 896
449 875
174 207 317 748 763 914
10 28 92 138 251 393 399 406 584
123 197 251 464 904
405 809
14 15 43 129 149 160 458 586 956
272 357 369
877
82 218 329 490 511 537 703 990
281 385 458
112 528 571 675 688
181 196 569
116 236 446 546 548 627
37 129 392 624 776 934 992
93 378 404 545 563 583 835 843
39 320 369 452 501 593 665 745 830 945
42 181 320 621 682 691 700 743 847
449 473 556 668
69 831 899
12 281 374 621 622 689 778
32 110 614 948 951 990
26 446 579 596 606 647 744 809
20 114 151 232 259 334 485 656 663 859
8 10 370 446 864
190 357 640 853 906
82 414 485 589 759 816 880 942
112 311 326 333 539 598 638 654 860
48 361 613 680 681 765 784
8 823
281 385
190 326 774
6 60 94 283 382 539 744 765 917
42 264 369 454 797 921
537 603 736 750 845 880
138 185 196 790
111 134 212 223 585 917
74 93 102 621 657 739 781 922 990
205 348 434 453 744
65 275 497 563 570 793
194 260 376 490 525 558 942
32 241 524 909
27 212 292 348 458 577 629 743 828 853
92 381 486 597 604 622 661 694 847 942
74
28 41 122 436 437 552 677
275 381 444
14 169 270 466 545 598 773 918 926 949
54 463 650 880 988
612 918
185
308 349 369 563 631 947
281 317
728 840 962 976
169 233 281 381 460 676 735
65 223 281 458 747 840 843
37 65 82 301 476 657
212 264 465 611 622 853
82 89 399 470 541 744 854 966
8 457 652 663
234 259 297 458
108 129 428 545 571 649 799
16 39 355 369 381 545 714 916 993
123 125 158 215 545 552 911 940 948
27 32 157 339 432 446 537 698 907
918
527 713
317 714 849
190 242 265 311 357 380 449 791 914
87 524 747 880
127 684 728
8 178 281 432 498 545 658 665 690 843
32 470 548 553 585
241 446 470 515 674 889
244 568 712
855 942 984
345 721
49 301 679
92 318 826
134 699
85
169 270 390 531 569 584 896
612 888
191 227 504 553 952
120 450 584 849
96 355 399 655 849 899
221 524 613 674 786 795 923 942 974
112 190 751 855 961
216 271 540 860 917
113 241 283
26 242 265 306 339 511
949
9 94 164 392 625
157 281 553 586 636
26 96 147 488 804
515 634
224 369 379 445 482 605 617
8 152 250 313 473 597 792 972 976 986
11 64 92 452 562 744
402 450 842 876 921
639
69 158 317 444 499 545 921
193 392 436 545 620 710 729 942
7 92 194 299 341 596 704
8 92 223 238 279 446 737 917
458 479 673 703 706 730
241 408 963
486 865
32 349 361 372 564
9 321
308 313 425 627 754
117 120 490 545 563 719 736 945
344 392 423 539 588 914 952
8 92 126 127 578 650 815 828 861
265 466 528 612 672 828 893
381 399 495 688 740 923
28 244 404 570 591 744 845
343 349 369 514 539 578
8 422 524 590 735 783 854
8 58 185 262 408 640 646 779
7 82 129 322 357 565 632 671 703 914
47 317 432 621 682 718 978
241
339 369 622 678 873
10 69 134 188 205 247 603 978
16 65 281 378 589 731 750 862 917 919
235 490 586 602 642 658 718 795 847
32 152 412 577 634 700 743 811 840
3 92 127 227 523 941
212 289 334 449 564 570 596 786 860
381 587 604 843 955 957
74 82 216 357 458 681 964
32 186 417 568 578 688 771 902 918
39 137 478 589
8 234 315 335 392 553 565 710 795
889
12 85 136 332 444 446 611 734 849 878
341 458
145 254 304 317 327 392 490 543 547
72 205 362 381 467 521 545 978
154 319 458 917 976
28 64 489 843 916
144 972
8 129 190 194 565 585
331 356 570
89 118 241 387
31 380
79 160 343 918
18 32 89 335 613 688 746 787 907 951
214 265 280 458 727 753 790 798
17 23 617 749
129 220 313 348 633 819 919 998
5 305 487 688 788
92 126 241 264 266 409 449 843 879
59 125 382 688
4 28 150 355 736 787 917
347 541
663 860
322 516 656 847 849
23 553 578 899 926 982
456 545 548 584 591 787 906 968
28 442 694 843
186 276 473 493 744 759 910
32 129 473 540 556 918
418 520 564 821 869
19 32 132 265 470 548 594 732 905
868
499
807
138 265 294 532 729 744 830 906
700 800
606 722
535 657 722 990
275 399
70 92 237 369 674 710 749 928
139 227 426 545 585 760 828
2 225 313 597 659 942
60 227 473 744 846
186 458 662 787 906 975
341 360 479 605 754
678
107 120 223 269 389 397 475 494 545 599
562 846
28 62 274
88 95 158 234 317 446 467 520 536 826
317
373 683 710 787 850 915 956
82 281 436 689 784 862 936
133 270 718 744 787 871
223
113 292 315 562 783 832 853 868 932
388 644 992
800 928
4 70 93 545 710
192 234 688
49 61 119 149 711 938 966 992
831
195 332 539 656 710 723 817
29 35 120 423 500 517 585 635 703 746
89 264 265 388 563 584 838 908
92 155 209 227 485 603 690
311 442
5 104 124 444 591 730 746 939
8 174 210 270 406 553 740 913 976
33 234 392 563 867 940
282 336 464 740 840 996
58 74 78 389 415 464 541 560 650 682
127 152 212 688 750 921 972
190 234 306 473 486 495 585 826 972 996
40 50 74 317 356 468 728 797 928 942
65 108 365 471 563 636 666 918
74 265 341 574 689 711 772 814 907
7 49 82 838 889
352 422 441 553 716 729 775 843 849 978
50 545 548 688 840 917
449 539 568 660
39 50 80 390 527 942 955 990
134 231 234 426 485 617 729 877
169 205 415 905
32 98 716 743 880 908
32 92 228 276 299 403 618 675 706 893
29 43 148 190 268 392 485 535 862 982
158 392 410 828 942
69 455 686
440
73 349 690 972
223 479 604 744 783 862 988
73 490 942
42 108 295 316 346 356 432 740 864
103 281 292
120 499 633 666 898
254 474 702 870
36 260 280 432 560 675 853
299
109 224 329 395 485 548 696 968
150 638
8 234 248 289 317 617 711 943
676
82 113 248 323 505 621 708 710
315
15 331 389 556 571 588 868
190 306 483 939
6 269 399 501 532 729
80 222 479 563 570 914
310
1 8 84 392 432 564 619 728 843
212 237 389 423 710 800 893
227 458 476 486 576 677 876
444 545
485 689
208 444 559
134 146 260 481 553 748
2 85 272 317 556 787 827
244 483 839 938
99
633
521 691 914 947
160 329 436 442 553 699 749
198 291 352 376 467 505 553 735 942
331 860 917 956
29 726
859
539
203 210 324 391 408 485 493 569 766 942
725
51 74 149 591 832
196 356 372 602 742 766 843 996
89 123 559 575 692 725 938 953
390 414 555 814
244 545 702 744 855 890 932
19 185 262 285 505 535 563 822 847
313 471 527 596 621 622 644 731 744
85 108 449 560 690 874 942 954
10 20 139 152 721 899 978
272 281 674 957
467
83 354 622 828
925 982 996
92 120 634 638
18 32 70 135 251 317 449 460 828
234 312 485 556 632 688 786 787 826
159 408 553 591 674 744 816
119 255 324 563 640 742 859 935 976
82 137 149 196 241 270 284 359 899
741 751
113 317 642 733 744 917 994
346 423 640 879 930 970
16 43 65 368
8 123 205 339 548 553 662 914 941
218 302 485 585 662
90 203 261 412 618 672 688 722 739
324 399 814 980 981
26 570 624 721 821 932
36 124 172 185 190 367 539 589 733 862
11 157 308 350 369 508 556 790
371 447 721
860
52 177 234 281 317 388 682
2 111 380 409 931
234 583 744
691
328 515 580 617 674 737 744 848
399 592 758 812 957 978
392 458
44 188 227 662 701 802 847
8 768 796 918 991
49 112 116 391 527 597 612 644 662 889
446 740
42 51 317 344 458 501 545 709 935
9 259 453 528 537 571 630 673 746
162
113 317 353 484 552 678 710 982
546 880
260 305 369 556 585
179 306 336 482 501 504 563
77 190 215 281 338 389 556 611 658 917
389 976
120 271 275 341 436 467 473 521 744 876
292 383 392 556 744
249 269 276 292 317 545 610 983
201 382 461 559 584 744 811
161 317 499 598 644
235 341 344 440 591 936
4 26 31 50 112 369 415 828
74 103 410 524
425
89 91 170 252 340 368 485 560 917 921
210 292 446 458 516 571 795
543
26 92 125 175 245 430 611 626 746 938
120 369 498 500 548 591 596 932
432 470 501 528 752
389 493 500 840
102 264 329 567 578 862
40 46 89 117 399 458 570 978 990
32 256 936 996
553 900
120 438 545 699
467 490 621 914
244 341 438 549 917 940
71 308 368 675 749 773
317
113 946
17 498 837
464 797 832
281 369 589 649 716 865 950
381 391 576
382 449 575 787
22 731
265 284 389
317
92 137 210 430 446 501 550 585 847
26 281 333 538 701 840
113 152 175 290 446 592 623 847 951
134 369 531 604 900 942
39
243 408 473 648 729 828
289 446 918
227 373 389 539
8 32 369 990
280 551 857 942 972
107 369 621 736 853
178 181 317 326 569 942 986
232 479 591 624
40 169 190 446 483 525
325 444
190 260 341 446 501 604 822 860 862 968
265 470 578 738 795 980
55 190 443 458 485 797 990
334 550 563 754 920
319 727 756 914
378 446 906
36 122 175 299 317 446 532 553 556 914
105 274 408 556 816 934
185 364 378 458 769
8 222 339 390 629 719 737 810 848
8 244 281 423 428 655 837 908 932
134 148 172 537 545 784
728 992
281 317 786 872 932
369 399 415 673 963
8 63 190 348 369 650 656 769
32 79 190 427 497 621 688 790 917 978
90 273 281 298 589 744 798 825 890
90 322 445
8 26 213 382 501 560 577 744 885
711
3 75 216 446 591 703 783 918 942 953
221 253 313 355
179 190 198 227 485 552 860 883 942
192 197 341 364 383 486 715
311 562
880
392
28 92 120 125 148 340 585 614
216 281 368 500
32 169 644 728 920 921
10 210 227 366 487 655 802 891 923
14 58 264 314 657
26 234 258 319 404 498 562 689 701
18 53 158 407 553 591 838 918 996
82 226 234 320 343 361 443 556 640 660
117 621 860 942
21 32 79 207 299 382 477 614 734 961
89 483 495 598 706 720 730 876 902
89 115 155 160 175 422 451
9 95 225 234 243 341 593 877 896
32 362 486 577 688 949
185 413 556 678
285 539 553 561 834 840
89
6 32 49 127 193 275 354 828 916
33 313 317 376 611 710 858 973
398 520 525 828 835
12 210 248 432 446 539 780 819 858 972
26 338 563 584 652 688 759
32 36 120 190 401 482 543 577 744
185 241 381 420 545 547 681 786 877 883
485 498 545 983
16 181 200 227 381 687 709 781
28 90 136 320 553 563 578 723 906
318
621 755 847
292 369 532 580 591 756
241 372 390 485 498 585 847
74 369 446 480 634 674
281 570 787
98 153 157 304 502 536 844
8 350 369 485 545 560 589 787 826
32 145 242 281 383 464 787
32 465 688
306 341 411 447 841 848 932
119 227 306 546 601 756 818 910
42 236 280 310 485 631 791 942 988
8 190 272 317 458 490 664 693 694
861
335 886
142 188 236 246 556 612 694 710 870
126 186 283 317 726 831 887 907
98 113 478 582 693 804 847
4 151 199 802 843 907 938
242
854
229 390 392 559 838 897
517
39 104 194 213 562 563 651 917
588
192 336 369 570 721 990
563 891
449 478 640 764 801 828 889 962
210 860
340
114 130 270 317 442 854 880
152 364 744
32 424 918
38 759 847
8 158 317 390 453 545 662 756 990
527
17 19 134 238 369 453 458 589 723 972
599 710 963
729
9 293 498 563 900 945
0 32 75 377 972
552 739 857 942
311 429 436 467 479 489 513 568
89 313 650
105 184 389 593 835
212 711 738 918 963 976
313 584 744 784 835 853
63 103 113 129 201 338 562 688 693 707
26 244 300 340 673 857 970
92 190 201 223 295 308 540 645 690
74 119 311 389 458 564 782 785 800 856
82 371 490 670 779
32 156 453 539 568 839
317 610 749 785
8 553 722 742
199 241 332 578
32 110 113 155 285 344 479 940 950
227 234 373 402 458 543 710 726 824 866
206 369 423 432 666
103 744
355 473 831 996
298 400 978
129 200 751 770 815 877 991
262 315 490 622 662 838 999
10 370 499 887 948 962
285 319 388 744 749 918
442 513 772
185 322 428 430 446 813 917
32 92 313 432 548 553 568 942
78 92 113 293 316 317 553 676 726 922
849
433 483
38 690 791 831
458 754 843
450 744 999
33 168 196 492 500 553 745
113 221 321 970
7 92 137 174 281 369 768 914
122 326 369 404 856 866 871 918
8 14 44 246 266 341 589 688 694 786
36 244 357 365 573 675 853 945
139 387 389 571 608
165 545 553 843
217 373 487
369
298 372 548 604 744 855 918
4 242 432 582 585
118 142 171 424 444 729 990
281
528 811
284 486
392 545 847 939
744 771
86 92 185 463 563 701 728 787 965
109 262 485 489 535 624 669 768 862 990
92 131 318 444 552 831 935
26 141 446 483 540 729 828 847
822
147 210 460 553 729 966
40 190 205 304 350 437 600 636 733 749
47 234 304 486 712
40 937
390
333
386 599 627 664 868
35 113 166 431 432 458 545 683 930 957
483 592
441 766
197 659
458 483 511 786 996
67 110 315 317 319 432 458 552 563
862
26 483 675
109 341 578 942
234 281 317 501 517 744 812
32 73 759 849 856 940
74 932
148 173 332 733 942 961
9 41 74 381 393 545 582 669 917 918
666
74 701 730 908
92 270 338 403 458 485 545 562 575
74 189 234 368 378 577 664 930
458 539 735 849 929 972
2 556 611 633
3 70 134 197 545 571 932
981 986
8 53 504 583 839
595 762 836
190 521 739
192 250 251 300 446 490
502 527 581 706
9 185 840
92 447 603 712 843 899
325 458 585 630 809
11 63 255 538 548 568 835 919
174 185 328 339 849
26 396 614 710 809 840
50 147 236 242 458 655 683 812 856 865
381 530 811
113 520 586 908
313 357 525 621 757 827 862
578 666
267 446 490 581 621 727 748 908
185 634
621 809 914
165 539
120 227 446 480 594 785 793 799 899
230 340 369 430 611 621 847 932 990
26 264 275 540 598 616 781
28 453 467 553 835
212 458 526 527
91 134 313 317 382 430 485 596 840
69 317 319 423 585 793 828 914 917
189 284
84 120 650
210 482 483 542 662 750 816 841 948 971
129 253 547
38 50 183 206 210 264 621 694 937
4 32 205 458 472 596 895 955 985
98 133 366 979
113 265 511 514 915
414 458
945
124 194 213 234 241 351 381 773 805 860
390 548 918
659 720
503 556 849
158 261 317 485 545 591 710 733 942 969
44 906
8 32 92 129 275 710 853
264 432 563 671 748 749
130 190 223 251 295 444 539 656 880 889
213 240 281 556 721
70 105 209
395 408 569 785 843
49 158 337 360 490 520 709 908 966
112 485 488 512 556 634 819 868
281 777
117 120 129 185 311 393 603 866 881
120 390 449 460 520 621 697
26 49 553 664
82 329 391 444 447 783 788 992
117 223 253 408 553 580 614 663 993
190
3 545 553 932
63 378 392
399 556 766
199 673
35 331 427 543 644 755 904 963 978
8 74 378 463 634 733 899 988
69 274 317 482 500 506 614 859
103 369 513 858 880
241 416 942 996
77 92 329 715
149 311 853 895 991
186 369 409 430 556 744
378 539 674
227 281 303 319 501 502 554 726 975
51 92 234 259 392 671 749 918
82 229 552 553 596 655 670 978 990
92 451 834 847 899 917 947
218
178 449 458 524 525 829 862 914 917 945
210 556 828 872
39 568 862
352 826
61 92 525 537 540 681 917 970
120 124 299 432 501 748 843 850 901 945
197 276 315 798
112 129 241 264
749
184 227 378 449 621 749 797 872
113 114 257 467 566 585 729 787
227 275 553 556 562 712 738 779
103 233 357
612
37 175 647 899 978
120 235 241 252 369 558 700 718 743 935
119 340 375 553 644 880
553 824
132 423 508 544 635 657 932
15 976
157 284
458
105 171 289 348 964
281
96 158 159 413 643 690 814 854 918 972
239 369 467 563 840 843 917
32 57 62 74 103 475 502 604
924
174 207 241 318 690 761
234 330 369 408 420 545 553 598 664 888
809 942
20 49 82 562 714 858
236 263 325 331 591 630 673 784
230 369 679 684 922 990
287 386 448 498 556
537 552 591 666 701 722 787
844 955 983
485 596 618 677 688 899 917 938
341 479 633 766 847 880
391 512
2 82 113 234 270 282 291 423 860 932
317 553 611 723 800 823
514 628 742 751
562 639 718 752 861 945 963
4 10 182 393 442 487 653 722 761 957
69 128 264 446 596 628 817 843 860
664 699
409 485 556 749 756 808 853 893 921
164 241 293 432 664 683 750 820
353
13 311 527 556 568 584 706 856
99 234 261 270 734 880
50 145 277 339 392 448 485 966
5 100 320 390 430 445 679 849 879
32 94 179 299 750 777 912
488 490 552 590 749 863
288 578 911
70 98 844
11 227 338 392 553 896
60 74 92 199 218 485 880 918 950
843
312 458 717
369 458 642 810 847 908
424 444 446 485 535 556 856 965
8 234 710 809 937 942 978
233 277 533 704 728 894 962
54 227 452 585
8 25 105 177 182 493 635 650 659
225 281 289 548 552 688 744 855 942 972
122 143 328 334 585 775 821 907 996
251 317 393 436 476 748 858 938
78 169 381 424
148 281
28 185 215 391 485 537 710 872 908 938
158 255 390 430
57 70 136 346 545 639 793 856 899 914
176 199 319 493 749 889
390 879
20 32 373 458 515 541 553 639 886 942
93 168 212 477 543 621 644 673 843
20 136 282 545 581 745 917
64 78 206 812 815 942 992
19 66 92 190 390 458 514 568 599 821
904
73 388 485 545 597 710 797 876 931 932
103 450 473 489 541 742 743
74 98 548 654 886 932
280
119 185 571 648 836 847
14 148 227 244 281 535 676 879 938 994
176 707 847 849 942
84 180 313 394 449 460 520 621 759
485 796
69 853
61 190 201 310 415 603 999
572
108 306 370 392 446 535 728 832
32 563
105 498 553 584 613
11 92 108 190 458 478 619 639
458 563 598 630 757 868 987
99 327 434 447 706
32 112 223 443 843
99 254 478 615 669 964
38 256 287 525 580 621 650 726 753
10 285 454 548 556 675 882
220 317 412 658 790 868 966
134 270 405 690
39 546 856
26 62 168 190 453 639 987 997
79 162 219 276 526
8 65 98 194 229 435 577 650 942 983
359
458 591 736 785 788
26 82 92 386 394 441 482 833 982
227 306 354 501 514 657 706 729 797 827
24 28 158 333 471 628 658
41 144 485 802 944
21 32 245 366 375 662 796
8 128 313 497 502 563 699 728 886 901
17 227 242 317 438 622 644 854
124 304 380 512 556 735 899 932 960 998
120 176 340 602 621 812 886 906
212 347 377 408 464 527 785 942 976
74 97 235 244 298 404 577 585 674 899
143 278 373 401 458 589 936
136 145 255 424 446 449 501 513 821 854
92 106 274 369 471 578 688 833 990
8 10 39 147 190 210
111 223 320 392 562 673 676 779 807 856
392 564 929
38 704 795
108 317 386 485 501 564 650 750 860
38 144 190 386 932
69 83 634
59 74 223 647 720 797
167 247 373 476 520 525 577 720 908 990
32 98 572 723
545 588 690 735 788 889
8 155 255 257 284 293 565 888 972
129 485 642 669
74 244 539 883
197 918
245 553 651 659 732 803 907
8 383
145 156 187 206 223 293 600 802 849 855
92 206 367 409 561 703 726 872
92 227 247 265 432 879 949
74 449 454 548 578 793 940
108 209 212 482 517 671 710 729 744 749
58 570
96 252 311 458 498 514 553 695 830 978
26 112 155 339 662
246
241 251 404 485 501 662 873
0 281 292 556 683 785 847
559
185 470 483 501 543 608 712 734 938 975
174 237 270 299 445 622 938
234 317 588 779 896
250 271 471 478 578 585 843 987
6 317 449 578 688
492
542 690 942
2 146 153 205 502 552 556 856 918
618
108 202 501 548 860 914 942 976
4 113 237 435 592 625 744 752 856
105 246 320 458
188 216 291 563
209 292 436 644 840 906
229 481 708 899
131 310 334 458 599 697 847 849
343 355 563 673 722 850 925 942
92 153 270 510 688 795 796 858
67 74 86 92 266 393 501 855 978
843
28 283 381 428 436 585 728 744 776 862
9 92 388 449 454 721 770 827 884
47 160 174 317 408 451 710 890 932
192 294 315 415 524 751 966
662 743 847 955
72 113 233 439 441 565 621 662 920
908
193 264 408 476 673 828 843 993
1 9 40 192 271 506 796 905
196 242 458 963
283 490 500 744 934
918 932
8 319
23 61 329 511 556 563 869 933 945
32 311 498 585 668 966
81 292 326 454 485 504 536 723 862 978
3 227 534 644
92 342 620 857
71 115 265 270 397 604 620 779 801
386 392 432 503 571 721 725 894 972
311 860
212 498 584 729 825
43 74 319 341 510 640 843
143 317 392 580
168 315 319 341 443 660 715 873 909
78 193 281 399 473 639
8 369 389 430 483 688 977
92 207 234 422 458 562 801
434 467 553 570 673 791 797 862
467 475 591 836
341 816
119 156 201 458 502 553 622 625 680 976
92 272 313 319 453 673 787 909 944
265
28 186 241 299 318 331 606 821 822 901
39 120 123 145 149 408 458 486 539 843
737
158 269 280 706 729 744 899 907 935 977
2 73 545 647 994
216
840 987
45 89 193 255 366 540 545 563 700 894
174 296 363 408 473 485 525 568 821
92 116 393 722
32 386 392 630 653 773
8 120
114 214 244 263 369 411 459 550 556 747
198 244 354 434 449 970
92 149 234 242 899
8 301 346 358 485 662 932
338 420 423 487 495 528 552 621 626
542 673 690 923
385 446 556
500 540 821
47 92 458 551 576 620 912
728 901 942
28 58 553 860 880 942
129 135 449 591 815 839
82 177 227 494 907 942
8 38 378 539 720 899 965 975
148 444 485 978
69 135 553 667
64 190 274 446 570 722 795 918
339 449 499 830 856 966
190 450 485 568 584 814 857
74 134 226 313 540
112 296 500 723
120 292 318
89 265 459 545 824 871 914
26 69 108 257 917
15 80 147 234 390 424 482 545 592
111 154 185 237 369 467 510 644 728 808
43 194 568 726
116 239 386 498 625 657 701 821 952
69
235 706
92 156 202 207 458 600 856 891 972 994
737
186 190 313 333 458 513 652
193 228 302 317 529 545 563 570 944 991