621 788 838
37 47 90 333 635 682 864
275 450 570
26 450 470 737 838 840 877 887
44 180 284 544 685 695
436 504 667 872
130
138 160 220 266 317 370 555 721
120 222 335 371 381 488 563 866
356 711 959
371 465 568 711 800
158 194 506 587 637 682 691 718 808 894
13 138 168 182 231 329 478 485 977
418 465 622
397 474
137 186 215 485 705
158 191 195 275 311 521 833 977
682
201 457 498 606 647 682 798 953
39 73 326 521 625 825
524 586 667
26 468 521 641 716
29 502
356 593 793 977
85 383 737 740 838 972
19 770 815 846
131 931
559
41 243 331 592 707 786 917 967
39 199 340 378 443 450 576 791 856 977
213 258 637
24 160 238 263 755 825 892 923 930
40 106 153 450 483 515 740 881
14 39 125 227 248 472 684 917
90 139 228 238 283 502 521 615 681 992
93 770
97 442 519
90 446
374 500 852
242 264 313 373 382 480 523 555 723
72 130 231 383 393 480 554 955 967
53
1 90 231 240 387 470 752 979
41 108 138 602 618 694 774 858 966
53 480 554 711 712 791 858
170
34 269 418 713 954
195 230 271 488 529 557 589 907
234 274 306 582 587 655 753
82 140 543 665 860 924 977
430 553 582 683
75
73 457
14 188 220 325 554 617 959
40 96 125 228 440 467 470 735 953
126 131 362 436 480 786 903 926 979
131 185 283 340 492 612 705 945
131 185 188 264 480 635 864 881 894
153 724
85 308
228 523 952 969
121 206 229 977 992
81 101 147 211 317 722 840 889 897
38 136 222 254 461 470 520 572 621 682
882
39 188 405 502 820 994
13 32 140 877 879 904
215 862 922 959
67 404 500 682 686 875
936
1 32 44 344 367 526 576 626 754 886
592 812 924
22 220 484
14 153 246 265 270 374 552 638 847 908
231 732 797
283 305 414 732 740 888
26 40 52 230 568 801
131 232 234 425 451 598 698 899 937 967
90 147 189 374 405 417 686 693
167 324 521 568 573 717 816 977
270 289 383 406 440 616 864 962
1 158 202 570 711
21 61 222 377 498 848 953
160 423 502 566 577 648 693 959 980
81 440 616
287 325 786
9 158 400 450 531 542 608 682 709 817
303 427 488 698 760 899
40 287 317 374
283
160 317 465 741 815
131 189 303 502 554 891 977
2 120 150 353 513 522 709 772 791 991
12 23 201 374 967
51 133 141 353 421 704 835 962
120 260 390
28 99 293 374 503 600
35 68 131 197 342 754 977
108 258 502 519 616 655 696 755 962 965
47 105 747 992
39 180 554 711 843 920
595 858
988
42 241
2 937
293 524 883 933 935
140 356
451 807
40 68 270 334 349 399 629 711 973
698
186 243 326 718 841 852 854
32 106 142 303 531 602 666 856 996
358 631 685 698 924
194 219 238 283 638 962 997
981
184
160 222 399 472 535 536 538 901 946
234 557
152 523 739
1 92 135 138 425 583 599 646 685
35 230 306
11 880
39 212 397 619 960
133 256 262 275 493 551 566 772 838 858
46 168 239 258 317 339 809
67 85 410 412 454 465 518 740 907
112 304
90 228 243 297 446 702 731 737 814
35 280 423
88 222 992
44 63 356 393 425 440 580 619 656 969
26 131 393 835 851
80 136 156 251 442 460 705 740
28 40 109 376 400 467 485 488 711 837
56 255 465 740 829 902 914 978
434 585 625 654
15 26 52 182 188 519 587 754 815 937
86 230 655 819 986
57 128 353 400 882 917 937
21 194 470 617 710 835 910
40 52 306 651 889
158 658 894
150 188 237 242 317 520 635 713 849 872
12 68 108 304 449 494 626 642 902
40 165 372 383 450 798
35 738
68 465
19 41 83 196 283 419 595 962
815
110 438 595 912
140 160 317 637 657 682 798 903 907
153 450 576 609 637 743 886 893 905 974
19 129 153 254 341 417 446 690 711 977
737 977
1 81 223 317 450 574 581 601
108 222
566 913 924 941 956
687
626 650 717
400 704 711 713 915
21 218 440 576 658 728 753 823 865
438 549 842 969
260 268 374 377 551 682 774 827 918 936
0 93 99 177 222 519
304 601 849
178 231 400 821 861
58 363 417 645 791 978
96 160 168 364 560 651 827
39 278 470 969
304 383 799
570 645 658 670 682 740
82 140 306 389
137 276 369 554 615 664 880 954
211 613 718 970
11 317 847
191 356
32 63 145 440 521 606 711 898 994
174 337 486 524 621 652 666 975 985
88 102 133 497 514 613 953 969
21 39 107 165 645 891 955
231 490 699 791 826 858 959
91 180 952
667
324 764 796
222 275 283 317 326 372 395 399 558
111 250 266 382 683 686 820 886 967
21 26 57 436 642 977
652 689 705 831 856
140 318 711 858
31 554 820 825 856 903 986
107 138 275 399 847
121 155 182 573 734 974
118 145 258 279 299 408 750 919
39 75 442 465 567 849 955 959
383 966
166 194 406 435 586 787 820
52 166
109 423 625
40 63 133 374 833 862 883
95 282 303 378 608 730
40 231 283 396 470 680 796 917
140 204 694 698 776 885 913
124 262 381 582 871 874 912
263 410 529 595 637
26 242 301 342 383 396 440 591 932
35 425 566 727 834 956 958 980
372 471 568
71 73 75 152 160 283 488 597 860 917
328 400 474 502 564 654 789
145 373 582 847 883
391
22 133 222 235 526 686 705 709
108 317 372 494 499 544 929
407 667 721 815
35 405 480 592 658 883 929 974
158 349 637 660 679
225 264 283 326 461 543 558 597 775 874
48 160 161 737
10 36 283 621 682 977
180 301 531 631 702 740 797 975
90 111 138 215 260 349 423 485 601 834
10 86 211 228 400 406 491 791 834 974
11 188 231 260 502 721 835 859 880 993
619
231 232 350 512 599 985
11 145 486 502
76 480 546
137 172 211 231 496 554
32 92 416 418 480 837 913
44 179 278 377 627 836 869 877
521 779 955
71 131 263 275 645
389 918
521
222 356 440 454 694 856
465 568 654
41 383 480 521 654 698 788 875 920 937
26 100 174 385 470 558 737 883
111 860 913
860
173 219 383 442 907 976
26 40 55 68 465 686 710 820
8 142 383 485 568 654 703 705 801 978
23 410 793 819
71 90 304 372 429 502 554 709 807
967 979
46 162 251 272 985
138 555
405 581 605 842 891
26 215 357 523 547 682 767 815
142 484 639 909 915
53 85 228 325 626 680 920
39 620 635
84 133 160 296 321 490 595 622 685
290 830
261 275 442
102 317 376 425 488 754 952
1 160 252 327 353 485 554 623 903
222
232 480 654
81 106 173 278 649 846
584 987
39 106 658 685 744 854 919 963
39 260 285 374 419 442 566 600 619 868
176 227 231 278 347 872 936 998
13 485 617 676 856 968 970
150 229 408 464 502
166 526 587 643 645 985
40 299 301 324 368 762 770
153 212 314 498 849
353 696 711
112 275 587 959 967
523 706
44 72 228 374 510 682 883 925 981
35 81 142 375 645 913
136 272 283 300 305 446 637 818 872
27 32 440 647 658 670 705 776
535 562
6 40 44 377 502 644
68 139 345 373 570
149 698 890
502 922
32 138 279 304 381 480 582 618 724 827
113 267 729 953
40 383 658 710
382 603 978
428 480 746 791 962
36 181 227 308 667 682 802 892
63 521
79 206 312 390
393
133 595 619
756
32 81 82 453 528 554 652 658
88 140 158 160 264 275 519 928
166 317 570 621
39 160 585 595 655 760 809 958
85 207 301 772 805 872 918 923 932 998
112 270 275 404 563 625 815 846 877 966
140 819 838
40 177 283 329 436 506 507 820 872
138 191 698
131
26 44 307 374 568 633 972
63
682
108 283 373 394 399 440 508 746 754
24 181 425 858
223 562
32 35 219 341 582 583 592 622 985
55 104 277 353 492 753
106 213 317 381 923
147 985
35 85 116 160 225 333 346 465 724 903
231 275
99 108 442 826 971
55 222 231 283 376 521 554 637 858
139 231 387 440 519 577 596 682 849 937
139 155 303 405 856
73 225 275 392 577 595 740 958
364 449 499 751 768 820
108 273 929
35 370 480 592 689 709 715 849 895 987
566 901
301 364 410 442 471 598 625 740 864
40 72 102 283 438 440 568 683 788 882
32 39 47 159 229 400 559 851 989
230 332 695 754
711
101 253 310 418 498 524 559 682
11 87 510 652
140 227 805 824 967
279 355 682 773 835
108 485 710 878
683
106 115 143 247 262 371 524 704 910 947
743
450 474 505 553
680 936
48 131 177 296 668 683 815 881
106 667
160 191 465 738 795 859 880
26 59 96 431 519 571 652 769 820 885
269 511 684
209 502 954
84 231 345 502
887 921
94 166 228 270 317 426 465 702 857
41 153 183 228 249 446 544 635 643
493 554 801 962
21 36 136 651 808 967 977
11 900
2 44 386 471 480 488 629
40 211 317 450 635 920
119 570 698 704 712 969
44 376
40 88 102 184 275 523 677 849
35 339 425 567 568 589 664
317
26 359 376 520 521 704 752 839
18 22 26 303 317 401 464 601 754 801
184 690
39 133 230 468 637 688 845 929
29 230 374 783 952
44 174 954 978
61 124 494 646 685 827
202 231 283 687 886
230 858 963
158 172 388 581 656 686 713 791 980
955
173 279 285 304 521 619 678 720 885 967
83 108 168 221 227 423 573 577 582 629
11 26 82 222 303 373 374 588
372
26 223 582 945
82 222 228 243 302 423 791 872 883 902
6 303 400 440 487 627 710 737 860
40 108 161 217 303 595 829 855
447
44 698
57 125 222 377 437 581 907 937
15 102 175 231 270 280 507 827 917
694
90 106 109 193 379 554 698 761 954 977
227 314 421 583 621 791
49 275 465 628 683 684 990
275 348
174 685 740
153 440 813
120 818 853
35 99 102 131 153 471 651 724 962 978
14 136 595 737 872 985
21 108 109 263 386 585 755
542 682 839
11 82 172 373 554 556 573 577 618 711
131 772 907
40 145 222 303 304 554 638 753
11 49 377 483 554 570 587 612 635 754
371 384
10 230 418 510 514 519 527 705 820 983
26 381 724 884 925
404 827 838
651
25 39 51 58 102 374 526 581 982
11 49 115 138 708
769
275 410 428 523
240 570 841
152 156 188 303 426 721
102 131 140 245 437 513 572 614 636 793
99
71 85 161 231 334 570 629 722 896 981
19 111 187 519 686 775 805 845 872 907
858 959 988
131 400 519 576 592 886 906
856
179 784
113 123 263 336 401 424 471 597 820 977
81 132 138 249 490 977
374 381 441 635 673 753 764 913
353
55 554 735
51 108 160 188 337 645 923 962
81 246 382 583 621 926
132 255 270 480 489 589 835 962
47 853
26 137 223 488 652 894
465 473 480 535 555 835
23 130 924
60 157 282 374 626 654 718
160 304 340
156 195 270 410 450 523 607 929 937
211 231 313 589 637
14 99 373 973
205 400 600 637 719 724 770
842
13 32 71 337 372 387 438 686 724
40 88 279 396 450 478 519 678 963 969
19 694 740 758 874
436 554 616
264 705 977
4 16 40 682
39 107 172 317 327 342 405 523 577
18 71 233 325 474 568 775 798 960
52 153 275 405 672 773 798
370 465 522 656 784 835 923
248 270 321 347 410 465
88 355 417 574 606
153 230
180 360 502 772 856
166 188 231 462 480 699 745
44 341 372 582 872 978
39 228 303 317 407 721
19 40 44 339 686 740 967
275 446 485 659
587
255 299 485 651 737 847 955
26 428
715 878
10 480 967
275 402 629 962 977
59 66 637 860 872 970
26 158 230 542 682 714 760 820
554 604
222 270 646 768 904 906 917
418 423 431 480 511 722 872
23 520 578 582 877 923 966
85 145 364 407 502 645 885
275 570
14 131 711 892 974
137 446 523 680 870
26 48 140 147 222 471 531 671 885
109 645 729 762
554
446 775 866 902
131 317 352 611 930 942 963
26 38 182 230 310 808 980
8 378 708
177 208
77 99 184 270 305 633 653 820
403 685 704 751 998 999
151 396 524 538 592 706
222 459 519 537 714
80 341 607 711 860 977
40 131 556 677 894
172 283 440 544 646 764 838
21 39 553 693 742 907
143 366 627 920 952
377
108 188 468 573 934
160 222 372 586 682 740 838
153 339 480 537 702 886
711
310 430 480 567 693 953 995
10 283 329 573 662 820 954 996
99
26 84 108 295 737
676
443 462 856 873 960
70 71 423 827 832
19 106 132 515 558 818 978
131 372 573 711 838
394 421 426 435 451 756 829 978
19 145 858
90 106 132 670 705 708
131 213 405 524 740
28 49 123 465 545 563 645 710 711 924
39 189 372 482 670 966
58 104 155 480 521 698 820 827
85 99 227 438
9 230 367 458 610 645 685 705
570 709 886
32 106 108 131 133 283 573 801 988
10 188 372 610 634 667 705 756 823 917
112 152 231 283 317 442 920 970 977
49 54 145 231 600 820 846
6 11 23 147 168 289 425 502 880
217 324 491 753 789 818 894 922
180 385 400 442 753 835 894 917 989
45 108 145 270 383
21 96 230 270 374
102 188
313 624 978
27 39 160 283 451 555 820 891 992
528 592 621 702 727 826
85 106 287 293 442 510 561 652 696 966
140 142 271 275 372 430 794 864 897
582 585 811
261
299 467 758 805
99 153 373 513 554
140 647 721
108 321 560 654 968
521 552 643 658 660 705
50 882
565
40 275 304 340 372 652 669 822 835
2 160 264 450 600 626 682 877
352 573 753
41 46 306 339 645 740 961
13 88 353 658 880 962 987
231 523
138 200 450 458 486 687 751 839 872 905
1 26 104 108 658 711 835 864 872 977
13 38 55 75 99 277 292 434 462
156 195 400 450 626 703
85 576 856
24 243 373 389 437 581 765 810 839 993
40 211 409 451 486 567 654 755 975
44 303 519 543
68 428 682 724
907
268 270 439 626 679 906 920
39 135 222 476 490 578 685 892 955
168 270 829
23 26 231 355 465 484 649 835 860 973
131
595 637 876
21 117 168 230 268 443 785
385 764
131 249 253 480 485 502 714 820 977
19 145 279 283 419 741 832 871
167 318 450 624 791
653 818
55 222 358 888
217 272 463 480 502 524 557 681 777 984
1 371
208 231 301 374 492 555 599 751 880 926
26 495 522 596 599
112 150 740 820 898 934
20 148 160 394 523 600 635 705 862
383 397 754 907
110 131 231 383 400 555 630 631 952
109 144 188 497 688 754 849 967
835
77 955
47 108 158 353 561 726 737 935 937
488
40 200 279 567 589 760 856
774 964
82 200 209 231 305 396 445 465 652 861
565 788
763
314 577 673 705 937
60 229 262 414 432 454 808 920
317 685 698 838 872
40 106 160 433 756
52 230 270 502 622
7 82 132 188 285 425 547 573 600 938
239 368 371 693 759 880
488
250 464 474 545 582 637 977
108 270 461 488 554 716 760 798
465 886
90 158 174 223 760 856 943 960
69 160
133 455 886
17 56 442 483 599 654 673 849 866
222 450
19 820 856
161 348 465 580
501
317 345 378 914 977
60 301 740 838 871 897 966
24 99 240 294 303 385 387 502
73 266 435 595 907
30 303 587 654 721 801 820 827 835 852
231 699
131 365 576 600 758 838 923 969
222 480 486 494 893
109 619
40 168 211 395 641 686 798
11 32 163 199 270 811 913 961 986 992
24 40 111 180 283 566
101 273 342 600 637 686 820
106 138 166 194 428 540 997
711
89 619
117 145 317 349 387 496 681 839
26 317 797 997
60 82 258 373 510 552 937 938
39 376 689 754 882 954
252 351 628 820
47 59 77 140 264 340 618 704 808 936
37 77 144 146 153 689 729
231 573 604
785
84 106 377 446 502 568 649 712 723 920
35 158 372 815 856
56 534 641 740 942
106 117 308 333 371 550 626 658 894
539
137 285
41 73 140 166 187 381 886
63 554 704 872
32 99 107 312 375 437 882
90 213 222 294 465 578 707 710
476 505 707
131 145 383 407 412 440 561 651 710 905
951
708
148 439 472 524 642 654 872 937
43 44 160 235 583 595 694 833 923
149 222 341 354 592 600 856 977
101 141 188 440 652 816 856
10 39 230 521 621 715 977 990
106 732 839 924
25 73 137 138 283 331 450 718 820 863
40 629 764
470 480 794 801 981
270 278 400 615 676 685 969
166 442 927
27 44 293 377 387 480 716
296 959
55 326 518 526 541 576 704 886 937
275 428 478 718 902 952
71 267 272 347 461 962
26 364 589
317 554 710 978
21
136 440 682
133 219 331 760 793 835
68 99 161 441 570 670
142 175 233 400 427 454 655 740 796 808
14 73 139 228 257 275 450 555
279 465 505 521 602 652 818 820 883 961
108 440 449 549 568 929
222 354 470 595 604 627 637 860 972
24 85 275 475 523 684 690 936
106 422 520
102 365 386 465 570 827
883
13 178 283 431 450 920
74 315 562 567 624 652 808 977
222 270 324 637 967 971 987
153 602
325 621 911 929
82 101 350 485 951
142 301 373 717 907 978
137 283 377 549 712 816
12 133 160 499 595 713 840
197 247
23 81 90 149 354 595 823 853 913 954
373 383 470 705 858 917
26 160 185 222 225 333 573
43 554 598 629 751
77 192 259 373 502 592 725 866
160 524 735 923
0 200 485 783 898 967 974
160 182 222 316 372 685 705 827 834 963
2 26 440 527
48 160 177 277 303 376 521 683 747 838
71 372 583 711 766
169 351 985
139 231 395 607 707 781 820
21 57 75 110 157 161 173 818
32 143 202 387 488 565 654 879 922 929
315 317 418 560 595 773
26 780 851 959
450
44 230 575
202 231 270 678 989
75 198 353 678 740 932
573 655
99 526
36 190 372 524 885 955
56 108 245 325 487 543 626 726 734 929
250 380 425 485 678
0 273
645
26 595 887
88 222 313 378 473 573 587 704 977
269
226 436
71 328 501 724 886
73 430 754 967
438 614
82 138 210 231 325 716 768 856 952
106 304
270 293 645 663 894 937
19 435 450 715
219 475 621 751
301 465 694 803
164 319 502 537 741 958
362
55 676 682
128 207 708
102 205 425 529 660 868
379 535 626 816 842 861 987
124 413 451 608 811 820 946
573 937 961
102 392 554 600 673 686 749
140 466
304 451 972
30 106 537 592 786 815 886 919 929
39 168 222 265 446 465 814 826 959 992
32 172 480 523 682 724 958 981
462 936
324 449 966
24 153 190 308 537 608
89 91 168 235 365 450 498 936
19 867 978 992
145 264 512 577 798 829
0 24 160 208 213 372 398 561 775 998
49 639 995
373 962
10 39 99 473 570 683 686 740 915 962
39 121 317 658 820 954 984
370 439 721 955
88 287 313 550 604
72 482 685 695 786 803 860 883 920
373 696 721
35 142 158 421 494 813
227 528 920 971
47 99 133 305 488 498 682 685 686
200 231 298 339 546 956
21 144 377 399 732
39 86 371 641 685 703 824
283 325 552 611 744
125 243 264 351 550 570 956
108 185 301 889
440 666 685 718
35 72 158 435 518 520 784 904 920
51 232 319 410 418 584 724
204 533 907
19 120 131 450 465 562 698 705 917 926
131 152 502 643 711 713 815 856 893 975
322
106 189 201 278 317 372 470 820 923 992
110 616 796 815 880 885
144 197 283
144
303 685 769 807 840 970 997
3 161 270 655 966
124 137 287 372 450 459 570 737 818 842
61 81 465
107 408 484 523 524 550 668 838
79 131 258 386 570 616 740 801 854 940
320 440 480 693 705 812 954 962
961 971
231 275 593 627 740 899
11 32 218 462 485 502 716 748
81
325 442
35 108 554
116
48 270 410 600
32 452
271 447 589 982
416
161 581 640 933
40 111 140 151 263 450 471 698 820
402 619 643 663 704 772 896 989
7 74 153 186 231 272 450 533 568 607
133 138 561 869 917
138 166 219 286 340 440 450 554 864
40 233 303 672 682 805 924
208 450 576 601 963
2 227 296 336 524 704 824
90 110 377 503 519 554 637 718 872 920
376 450 717
108 341 554 653 962
26 133 184 228 297 303 652 737 916 937
26 160 202 372 442 827 866
55 77 298 348 554 589 809 816 880 921
21 313 499
280 480
133 326 440 471 665 683 754 844
26 470 753 875 917 992
172 459 625 708 793 942 981
214
595 698
90 131 172 243 322 726 858 871
78 346 552 637 944
32 340 698
869
929
221 308 450 580
38 45 85 90 538 962
140 166 300 540 600 820
35 920
131 353 442
102 115 380 398 883
117 283 849 861 880 931
196 301 570 618 814 872
19 121 450 476 524 541 815 881 966
385 493 523 704 977
26 40 304 524 573 584 636 652 798
554
242 325 384 405 440 513 557 561 854 986
32 172 442
947
238 386
47 120 401 599 682 728
73 166 279 856
194 231 275 433 465 480 516 820 956 959
40 46 256 275 747 791
15 26 35 264 450 521 682 788 897
383 431 651
26
84 597 856
36 163 450 490 698 704 788 793 959
26 222 240 313 315 435 802
287 524 642 745 862
40 96 373 541 747 858 966
336 340 580 929
58 108 109 489 597
77 131 296 325 383 417 806 839 955
26 47 192 444 519 587 600 638 922
39 979
455
168 217 243 270 327 773 786 881 987
228 247 271
95
60 102 185 341 405 740 751 778 959 962
351 380 425 554
17 145 147 182 185 446 589 691 971
44 90 178 624 685
117 280 352 886 937
243 283 649 827 858
40 364 916
641
373
104 227 231 303 416 924
231 250 283 313 502 652 708 882 966
903
133 243 581 682 685 724 740 764 794 836
57 222 287 658 728 919
465 488
11 562 920
145 178 296 520 682 683 776 860
85 709
40 142 160 338 452 592 636 689 788 962
26 172 270 309 465 466 740 944
26 220 259 485 626 687 816 827
136 153 335 342 441 484 977
55 155 377 465 497 682 701 894 966
44 682 764 827
90 228 315 317 353 475 519 569 740 869
15 317 330 400 405 585 629 856 918
328
52 65 142 317 392 480 509 577 809 838
195 799
32 231 630 685 827 913 947 969
313 372 418 465 533 624 959 977
141 174 389 418 554 601 923
274 328 583 600 804 840
82 133 151 166 169 302 341 721 789
114 166 228 479
115 234 256 270 317 523 602 705 740 937
988
40 766 811 963
77 344 618 790 978
990
28 153 478 522
10 50 104 116 231 317 396 431 458
377 555 582 826
24 26 108 255 283 294 737 833
32 35 40 641 789 832
106 561 595
21 230 251 269 678 750 843 858 894
33 90 488
106 370 883
107 225 400 465 648 698 778 877
40 93 431 573 801
40 44 301 317 372 732 740 791
26 44 76 107 471 472 786 859 977
85
73 279 370
31 71 108 834
442 673
41 158 174 446 624 625 698 760 831 856
68 815
82 99 297 387 551 606 923 975
133 715 717 812
317 436 652 856
107 138 232 313 379 441
434 610 756 866
705
338
131 136 268 698 721 858
39 417 450 549 685 815 922
356 607 788 964
108 184 383 846 854
243 306 518 566 567 641 708 818
26 111 180 231 581 629 686 961
303 317 325 692 816
112 171 270 374 907
275 334 355 519 982
128 160 446 686 705 798 932
453 682
158 188 231 243 372 417 645 764 907 913
929
26 49 242 419 539 547 577 844 928 956
71 107 130 554 582 759 798 809
21 167 174 191 621 721 933
63 442 473 711 827
416 559 619 953 975
733 802
373 921 985
121 447 682
402 556
41 44 63 524 649 678 839 967
32 131 231 252 440 541 681 711 822 995
36 474 789 808 820
222 519 524 840 868
131 317 402
81 93 144 264 620
119 303 592 807
26 73 160 266 310 365 372 930 983
118 132 231 304 380 716 806 858
231 624 724 800 946
41 303 561 589 752 959
326 496 675 729 808 820 973
55 151 235 308 317 352 553 585 911 946
190
442 529 587 617 728
142 283 317 487 820 979
753
986
341 428 481 606 654 724 827 974
283 708 856 872 952
40 413 577 582
222 275
50 140 197 260 270 314 704 843 977
283 393 855 875 988
184 708 877
11 172 211 417
10 111 145 458 600 746 801
106 146 286 397 626 641 688 887 992
174 229 267 293 372 542 599 721 788 992
26 35 58 222 243 545 574 705 945 962
315 637 966
465
326 666 793 808 902 962
188 220 343 502 883 969
185
108 153 365 373 391 450 526 570 577 954
786 802 818
264 576 600 619 685 700 962
211 292 791
99 214 231 339 520 525 591 873
23 26 227 465 984
522 523 679 749 833 973 986
209 231 498 637 698 937
40 126 228 239 241 272 317 637 796 934
48 53 410 682 843 946
595 615
219 450 604 652
83 145 317 544 829 897
316 374 425 824 952
277 502 817 832 885 967
14 40 341 837 997
407 436 450 502 548 895
40 119 140 269 296 470 521 626 959
133 161 176 264 490 643 675 858
26 485
39 451 537 820 904 962
4 502 791 816 927 977
104 138 243 450 637 662 808 972 976