133 423 469 484 544
50
2 85 118 208 653 713 768 900 903
283 296 458 600 720 903 911
567 581 828 920
34 66 274 293 515 625 985
50 289 415 475 557 607 636 693 807 996
171 174 458
89 292 644 736 798 853
66 119 144 168 196 310 339 489 509 753
826
381 679
2 307 806 992
162 679 918 972
9 26 544 624
119 263 478 634 822
79 133 157 219 295 364 478 636 827
119 165 213 289 515 625 713 935 991
321 609
37 102 249 475 625 687 710 728 890 930
127 506 520
112 130 284 316 330 416 846 880 996
222 293 406 486 513 661 679 752
17 97 246 295 456 630 697 834 905
186 292 440 649
377 521 550 901
44 147 305 488 557 671 679 782 854
264 443 447 452 556 870 973
292 337 574
82 170 295 515 627 648 834
61 334 370 676 721 894
153 327 416 557 625 744 754
108 164 611 995
0 61 432 601 625
118 432 590 596 675 929
186 377 426 694 996
22
2 111 221 508 509 609 718 792 913
133 636 880 943
807
53 867
118 508 527 696
390
34 119 281 343 355 507 552 652 997
504 749 779 793
13 303 325 377 782 948
47 185 321 685 744
47 79 406 574 930 935 981
0 233 375 777 903 969
47 139 416 550 900
13 88 134 192 275 458 460 513 625
201 402 432 607 761 872 972
23 44 90 144 375 468 710 878
213 376 486 636
31 134 669 892 951 997
228 696
69 108 542 744 800
269 685
469 911
33 119 657 661 692 922
29 203 280 389 540 653 707 771 841
125 162 243 355 547 917 919 996
0 56 222 423 747 837 856 875 887
133
20 192 829 962
47 91 117 126 202 475 594 753 807 849
21 94 280 471 858 926 996
246 307 381 647 970
271 290 311 406 454 480 567 902 919
567
100 132 167 252 437 444 998
88 117 291 375 439 476 854 940
42 61 192 260 334 635 692 901
80 90 170 210 245 319 322 423 550 993
152 484 572
10 242 355 625 630 827 883
24 381 542
35 264 323 356 381 547 580
42 443 524 677
13 65 117 192 559 582
213 656
269 625
458 851 904
61 103 108 182 293 562 634
118 827 989
5 126 208 652 653 679 722 894 919 972
202 317
365 793 894
550
128 270 359 377 457 507 651 661 713
72 327 409
319 360 368 388 411 521 527 729 938
295 485 521 545 664
14 256 478 542 625 647 658
282 903 995
192 208 590 689 693
37 148 292 475 483 538 567 679 753
73 118 544 547 609 958
25 47 95 114 269 293 519
319 582 661
860
51 432 558 607 749 750 810 925
63 213 385 411 424 526 606 617
44 136 149 666 753 844
62 164 216 236 412 550 669 674 762
5 90 109 167 293 295 595 635
10 281 376 449 469 475 522 951 981
222 395 491 765 998
204 458 509 792 803
334 374 695 820 958
400 560 575 653 686 769 922 997
222 433
125 283 376 664 704 887 905
34 47 112 380 567 654
47 165 293 730 755 857 914
119 133 187 213 620 633 672 807 883
101 167 229 263 330 507 591
98 128 388 412 682 712 720 851 911
128 243
2 18 125 378 539 653 688 743 744 887
216 277
25 90 103 111 165 307 601 892 922
22 193 459 892
46 57 269 575 803 863
47 175 261 334 580 710
521
174 390 567 711 792 887
31 119 215 232 801 879 938
83 119 305 458 964 996
342
165 423 903
119 301 432 528 571 694 894 914
66 367 928
112 124 126 159 213 371 989
2 112 119 278 412 426 441 715 753 877
16 935
34 111 199 256 396 479 489 675 913
600 658 729 743
2 509 778 891 973
13 82 89 458 487 580 621 679
47 515 713 994
226
295 574 675 679 836 866
165 204 625 870
10 13 47 475 509 642 643 887
58 79 119 283 412 698
823 892 924
118 523 557 673 807 905 957
6 379 388 432 434 462 556 675 800
13 117 348 432 746 962
70 269 299 386 513
113 444 463 484 544 625 671 887
188 222 236 256 416 558 807 887
35
270 390 407 498 507 616 630 704 996
285 292 376 449 546 548 959
6 256 269 292 416 469 519 592 647 783
24 206 530 574 744 805 839
108 112 384 394 547 625 687 854 998
44 57 803
47 246 252 304 519 645 679 814 942
108 159 436 549 605 625 692 744 958
507 522 710 901 935
125 162 213 214 295 406 710 992
41 169 189 320 413 483
70 173 195 400 575 652 787 788
70 484 496 607 850 922
186 251
461 661
22 149 265 607 611 628 800 989
66 471 600 603 642 977
13 87 165 434 526 831 837 936
66 134 277 476 625
18 49 472 841
118 346 696
325 409 630 662 921
47 123 475 572 807
84 284 607
39 50 128 307 476 609 657 966
61 432 902 962 973
60 66 208 880
22 45 112 115 151 277 522 582 788 805
62 246 618 661 722 856
0 155 168 308 462 583 712 792
342 550 694 902 958
133 236 252 507 807 840 868
364 807
2 13 41 544 660 661 710 906 968
507 925
412 736 818 958
128 340 550 728 758 839 884 956
289 423 611 641
226 425 753 867 998
37 209 764 935
34 124 157 192 209 252 419 556 942
358 362 432 616 628 676 905
114 452 550 837
61 69 103 263 475 978
93 264 348 391 411 616 665 744 837 914
112 222 234 262 386 458 621 652 685 805
70 123 322 369 432 981
26 201 255 594 763
117 406 449 816
586 623 643
66 450 864 951
256 475 630 807
112 436 590 888 951
2 174 543 903 963
133 385 406 519 751 962 983
208 625 960
575
44
14 233 416 537
188 348 421 582 837
9 129 155 272 405 744
542 543 628 718 721 826 935
61 400 628 676 754 932
66 524
57 327 426 443 616 668 887 969 998
34 223 438 631 665 743 812 854 969
281 334 507 547 867 868
119 219 452 496 567 775
90 168 288 877 879
256 278 292 329 443 572 816
77 199 431 518 697 753 867 966
134 311 541 584 642
117 215 282 295 315 390 853 970
275 300 319 388 587
222 250 364 530 598 980 998
233 439 679 754 835 887 948
22 112 284 469 792 832 887
535 753
108
114 270 547 555 618 629 647
295 567 666 753
62 214 455 549 572 615 669 688 912 991
0 315 676
162 300 594 869
79 119 367 400 404 459 475 496 616
284 390 416 507 651 867 983
0 24 495 652 955
182 253 469 675 711 743 861 956
66 83 132 173 252 334 507 567 677 867
867
34 720 753 860
47 165 308 685 753
263 625 905
348
281 302 375 625 718 732 817 989 997
46 192 566 693 908
35 62 82 108 306 345 456 607 625 648
17 386 387
10 407 581 970
25 540
105 311 339 456 894
190 233 409 542 636 652 765 800 809
222 236 293 375 587 641 676 818
44 507 827
165 215 586 675 827
114 149 192 394 521 594
365 377 423 507 565 892
46 60 232 511 572 658 755 844 958 991
125 133 423 547 784
71 77 89 192 335 476 827 867 949 956
119 133 234 292 675 792
10 199 266 487 526 542 604 887 925 935
66 713 903
54
406 475 801 841 863 888
826 844
57 591 834 854 980
256
47 152 186 509 521 544 582 661 711
307 572 690
331
586 716 742 903 973
458 479 510 567 670 681 837 929
0 395 550 641 729 908
90 125 187 329 423 432 530 981
192 412 796 826 983
137 299 348 962
89 90 112 190 334 834 854 918
44 149 436 542 827 991
31 129
123 199 862 887
34 959
200 208 228 234 323 350 550 629 655 694
2 192 423 513 515 557 658 899 941
40 199 334 348 358
47
192 198 616 675 710 854 877
125 580 628
245 339 962
37 257 349 375 628 755
265 281 315 476 535 675 712 826 841
165
35 90 117 168 449 851 877 977
62 79 83 119 150 250 307 406 436 712
174 641
119 160 345 406 582 586 636 675 857 867
13 151 156 567 679
538
224 509 643
22 60 449 489 558 710 786 908
74 299 582 963
698 706
119 168 250 708 807 827 996
23 35 66 128 429 529 640 783 828 885
611
484 760 981
31 149 344 390 519 521 685 874 903 998
0 119 133 284 293 567 753
264 293 394 977
208 308 348 367 423 443 456 649 943
114 117 197 319 332 381 423 462 513
65 99 143 403 744
213 348 406 436 450 491 973 987
61 222
61 208 242 268 600 626 770 807 818 981
520
381 513
44 166 256 509 527 540 551
343 478 509 708
94 339 456 645 826 911
430 555
753 852 914 919
293 299 340 408 509 528 660 956
234 572 892
848
542
917
119 292 423 488 648 716 721 922
937
201 227 409 456 521 542 662 696 860 980
6 23 30 486 538 628 904 907 998
13 57 174 269 628 935
115 125 168 318 459 918 998
117 119 375 383 629
299
458 633 699 905
373 375 507
60 242 478 650 775 882 897 984 997
4 817
44 112 406 458 544 673 682 777 854 883
34 475 559 755 788
308 675
13 125 414 755
118 124 284 458 462 799 803 850 901
2 145 262 334 449 676 930 998
66 103 186 192 530 572 594 882 951 998
295 774 807 998
66 124 469 488 634 814 837
31 79 141 196 550 901 934
119 268 646
25 54 419 441 475 521 712 816 927
18 192 264 607 616 993
268 575 692 743 755 821 922 961
507 910
44 117 234 337 406 507 574 922 935
867
165 294 295 676 764 839 850 854 903
0 125 222 567
106 183 216 323 546 550 567 788 860 981
233 478 558 776
164 578
25 334 445 550 553 611 807 894
2 238 547
60 411 951
217 416 458 515 549 648 823 837 913 922
207 445 485 521 530 599 675 905
62 82 124 225 333 375 507 753 860
229 572 594 669
110 381 897 903 999
61 128 156 202 236 274 508 555
174 205 269 357 487 546 555 627 679 781
47 86 192 440 527 626 679
404
31 57 252 400 496 580 609 805 919 959
108 406 676 712 933 949 995
47 140 219 233 437 513 753 826 958
66 192 389 390 544
262
6 44 117 334 413 617 638 687 730
61 92 102 149 215 475 607 654
3 15 406 507 852 951 956 960 998
84 416 575 653 766
29 44 94 283 661
0 507 755 935
119 295 625 669 857
226 246 303 458 507 515 676 969
394
44 348 475 827
47 103 296 469 487 572 579 704 962
201 281 437 562 827
10 375 543 549 621 689 705 854 877
61 91 412 423 469 572 575 630
7 19 44 75 208 313 359 423 521 712
852
13 34 126 168 221 243 508 879 967
118 149 390 487 567 582 776 892
2 44 188 256 400 509 519 956 991
34 186 208 780
273 393 546 572 700
650
315 628
37 207 269 393 680 753 883
106 540 902 903 962
443
31 108 128 253 269 361 484 516 788
125 281 308 348 467 860 903
507
121 202 329 403 431 459 507 594 676 856
35 380 487 684 784 789 891 898
34 75 199 544 567 665 671 753 915 999
67 241 497 574 872
108 237 246 324 917
160 199 887 903
47 317 572 786 860 894 943
47 181 375 388 502 547 837 992 996
65 349 625 680 903
112 346 575 903
24 47 342 366 404 523 661 958
112 459 817
478 484 597 607 665 777 962
118 317 323 406 413 625 661 803 829
135 250 461 530 642 918
44 557 661 917
44 218 283 411 515 575 860 935 943 992
2 44 412 475 679 713 827 918 937
634 815 861 925 958 977
2 10 112 323 328 714 903 932
99 168 215 264 324 475 509 783 841
75 222 319 650 922 997
2 47 82 90 108 208 406 519 625
250 449 484 513 572 692 804 991
39 155 255 495 575 713 740 745
149 400 509 925
0 108 550 625 761 903
188 321 475 572 624 636
160 542 651 807 837 904
183 542 545 761 912
164 358 581 705 816
10 119 469 476 520 675 953
42 71 264 411 633 983
47 62 103 119 222 340 445 697 997
46 62 383 443 478 574 671 713
510 547 657
218 380 521
83 124 334 443 452 480 507 903 981
281 310 567 675 713 784 931
22 334 654 780
125 432 515 735 782 809 861 911
112
15 112 156 334 407 607 902 922 983
13 34 42 129 204 394 432 594 940
222 548 951
34 490 692
426
61 177 250 281 377 530 802 887
51 509
40 108 932
298 513 554 763 805 973
44 292 385 477 641 837
293
34 79 241 687 861
42 571
669 761
173 308 645 894
8 13 269 509 515 595 753
117 269 308 352 607 645 867
120 375 416 436 500 775 911 912 983
61 564
124
174 375 511 829 918
10 34 779
125 128 164 269 633 652 713 896 917
10 397 404
321 348 581 617
23 550
75 293 509 625 786 836
383 416 526 684 981 989
70 117 124 519 527 567 727 971 977
588 998
82 222 834 922
104 114 162 416 540 773 810 918 943
66 168 299 456 542 817 918
90 408 436 458 594 679 796 816 944
42 48 61 100 108 722 898
165 252 462 764
129 174 381 485 490 519 624 669 918
10 513 532 572 630 642 669 827 992
61 616 761
119 214 295 347 470 554 911 953 972
52 400
91 669
11 237 273 334 550 675 755 880
459 930
293 394 526 906 969
61 105 381 457 594 634 732
0 34 82 406 717 772 833 840 841 983
52 261 991
141
295 432 625 935
630
127 262 459 561 572 581 611 682 821
79 406 469 653 679 721
62 108 119 135 469 534 572 630 753
103 204 225 247 250 281 334 394 581
0 168 381 449 477 510 666 733 808
66 124 243 370 409 572 634
480
22 30 34 79 308 503 887
307 476 536 620 835 951
168 292 641
10 269 447 544 647 717 828 885 901 998
0 82 188 409 484 580 843
586
44 234 246 334 416 419 459 509 513 887
0 164 507
308 483
160 307 887
93 208 256 386 411 478 482 613 758 996
159 290 340 416 444 478 603 682
368 379 792
57 361 690 743 916
63 175 600 620 645 728 887 965
2 690
62 293 334 400 515
90 220 444 445 535 669 714 964
30 377 511 579 706 936
507 532 860 913 951
77 192 249 419 462 887 958
10 65 391 712
22 307 348 947
37 248 293 314 319 461 548 691 930 938
62 200 226 416 482 516 545 604 747
543 544 549 783 902 954
192 635 779 879
84 168 322 348 375 393 549 911 943 998
458 665 838
208 406 671 763 765 811 816
935
334
27 124 262 412 629 677 692 757 859
34 697
2 66 308 499 584 634 887 966
108 119 397 605 685 759 887 914
575
173 486 496 520 753 773 877 983
283
112 422 610 887
359 458 637 712 805 911
397 958
42 44 117 156 235 292 381 409 625 850
192 461 996
13 81 90 377 527 587 884 908 911
53 62 80 130 507 509 543 549 901
307
295
134 278 366 478 547 685
169 189 252 361 590 608 807 886
221 321 555 792
278 469 625
586
119 161 250 445 489 567 785 854 860 922
13 117 252 369 918 967
10 34 117 222 271 308 388 507 969
524 837 965
607 608 800
112 409 676 998
119 594 616
379 390 640 922
25 269 546 550 567 752 834 874
90 286 361 432 507 509 889 903 930 959
44 593 776 899
806
113 262 409 432 460 624 826 958
44 66 204 514 600 694 744
35 125 269 488 572 636
46 269 348 407 408 428 608 956 958 998
792
669
34 37 174 458 558 763 864
54 62 89 191 221 567 685 906
128 478 618
13 203 824 871
509
46 168 216 476 600 625 630 665 903
44 356 450 475 750 781 814 850 911 962
52 252 254 458 594 649 827 828 946 998
134 256 381 432 475 507 530 607 936 998
124 905
25 229 267 318 434 549 608 675 851
693 973
976
215
153 398 547 548
35 45 268 503 507 675 755 827 892
762
10 24 46 91 183 201 389 523 852 891
23 31 168 216 229 547 590 803 818 992
195 406 507 865 897
190 397 478 887 995
62 66 74 117 281 482 574 851
104 116 467 557 947
412 458 644 664
24 82 172 364 475 558 566 981
165 283 360 441 982
309 334 475 509 567
13 165 432
44 124 128 171 412 416 550 788 873 973
6 89 269
272 567 963
30 44 542 594 600 683 867 918 983
24 125 391 557 769 956
33 44 107 125 191 268 550 913 965 991
42 517 991
246
0 2 208 229 416 633 834 940 958
37 46 204 250 280 283 465 679 830 959
37 90 269 312 445 791 854 887
256 339 352 406 588 607 790
100 119 204 233 507 558 713 958 962 998
34 46 295 600 630 851 907
46 165 246 340 413 717 969
117 456 470 603 604 675 842 988
44 816 951
192 478 545 655 789 930
233 246 252 406 634 922 992
377
661 981
732 759
469
119 237 281 295 547 675 958
142 246 488 522 548 601 604 854 930
223 292 394 507 572 614 732
375 406 542 607 817 841 906
52 220 406 477 590 609 648 677 981
85 165 213 394 432 469 521 755
0 2
34 125 445 953 973
462 542 575 960
157 214 269 374 458 488 508 807 942
836
469 625 772
62 117 192 292 509 679 820 962
258 836 857
62 98 432 460 601 625 669 846 868 892
57 469 530
252 256 613 669
13 42 326 410 459 550 618 909 930 948
134 199 203 447 567 642 706 877
118 290 736 828 903 991
187 348 410 580 762 916 958
238 416 445 501
165 194 491 841 908
90 763
367 547 797 865
24 604 813
117
10 57 348 359 410 425 744 997
10 117 186 500 594 641 666 808
13 26 34 38 117 192 292 380 801
85 174 307 423 578 753 881 922
25 325 361 445 618 620 631 718 867
298 695 983
34 233 413 445 837
75 319 443 692
250 893 981
443
165 213 310 394 426 449 521 575 749
305 349 397 515 519 550 565 609 936
20 66 162 168 365 377 381 478 636 753
129 524 574
0 13 269 344 394 423 458 515 856
118 258 444 706 761 951 956
66 113 224 334 550
655
40 44 154 195 215 464 487 617 887 973
70 119 292 385 453 909 992
15 57 542
65 66 191 313 367 400 616 632 815 875
406
39 75 317 426 506 625 655 752 874
41 288 358 432 445 446 716 869 871 901
47 229 475 601 655 755 883
423 443 549
34 115 532 582 607 826 960 997
233
307 999
0 117 256 319 395 852 998
169 312 449 709 713
22 44 47 204 375 485 510 575 867
81 171 265 645 673 676
39 117 323 390 465 639 704 852 902
108 350 409 487 611
46 47 119 459 544 547
119 314 443 555 572 580 705 744
186 459 641 803 922 945
6 283 484 487 550 628 745 836 839
44 74 233 287 530 540 543 618 831
57 60 246 359 458 521 557 744 980
19 49 264 509 572 650 754 948 967
250 295 911
151 406 418 443 567 695 700 886 887 981
732 922
93 208 477 601 609 625 788 841 987
194 334 509 590 779
44 459 507 565 608 803 918
555 567
34 78 133 165 312 400 443 449 807 844
264
47 119 127 269 293 308 487 509 675 780
124 228 244 919
956
125 547 907
334 341
325 339 416 521 555 758
90 148 165 206 341 484 515 545 567 834
406 469 641 917
66 108 145 166 295 437 480
25 208 214 407 473 502 634 651 845 958
239 269 561 607 762 854 878 980
580 742 867
79 214 271 630 713 822
8 54 423 443 513 526
108 114 133 213 555 651 761 997
19
0 34 143 316 550 557 690 854 958
281 510 625 883
0 205 213 283 527 849
951
62 92 165 168 174 279 549 816 939
30 37 47 125 323 406 556 882 936
57 154 214 312 348 543 567
135 155 199 487 780 922
107 128 192 215 539 918
46 222 334 411
195 649 706 753 764 874
112 441 520 626
44 61 167 307 402 469 536 805
70 256 262 358 604 703 801 903 922
2 34 94 103 275 402 578 641 887
399 922
75 90 432 467 594 648 719 779 792 958
34 133 402 575 903
334 494 922
82 153 390 423 431 445 478 556 887
295 346 737 779
192 343 567 572 643 648 713 832 912
7 958
89 102 125 402 443 469 507 580 671 996
103 246 327 356 688 755 809 836 874
419 589 956
6 30 648 694 752 753 882 887 991
6 159 342
244 246 424 513 765
66 89 103 898 922 997
792
242 334 371 423 529 558 727 766 977
411 917
283 521 703 761
24 52 192 233 459 753 887 901 982
398 399 432 530 682
51
125 165 195 543 948 951
47 61 109 269 458 550 600 702 909 961
312 599 634
2 192 353 423 511 704 867
233 436 445 744
155 192 234 411 477 567 625 792 827
186 513 567 890
458 550 557 713
103 128 140 394 411 557 685 711 736
47 118 706 753 824 998
179 444 607 628 822 887 919 935 962 965
31 443 530 550 766
34 42 162 165 383 469 730 827
234 556 874
192 293 348 567 971
425 533
980
262 443 445 459 554 555 582 710 880 933
756 903 946
394
423
100 165 176 306 557 572 660 675 841 867
2 61
165 423 500 519
61 117 177 410 475 584
47 72 119 769 818 918 922
12 270 272 513 716 897 923 996
390 475
35 79 88 345 381 526 538 625 631 704
2 22 184 292 581
427
73 174 241 436 476 499 578 674 854
2 41 431 434 466 484 495
72 130 458 492 542 694
216 575
406 441 557 616 679
185 285 824 826
2 150 165 475 665
983
318 582
35 397 419 519 737 766 930
34 269 359 477 692 702 743 806
75 281 323 557 651 762 803 998
60 125 412 460 515 549 550 642 817
364
24 62 192 248 661 827 843 962
91 147 319 334 547 651 720 848 999
10 407 509 887
269 315 358 445 699 754 903
93 387
103 125 437 487 492 521 542 827
52 56 128 256 406 459 507 511 725 867
2 44 47 466 652 671
390 394 996
164 675 718 755 891
394 625 860 874 903
315 409 437
46 507 630 913
10 13 66 208 309 412 432 614 827 977
0 29 134 550 630 661
0 35 135 262 496 540 713
119 157 165 295 416 518 542 615 705 873
90 192 312 596 684 718 792 902 930
77 133 521
108 247 269 280 318 860 871 903
509 542 729
79 922
677
482 514
324 359 469 540 544 547 710
513 547
293
264 291 317 423 469 572 935 958
34 108 150 445 525 647 690 713
172 184 268 308 366 406 436 542 604 684
79 547 860
103 268 423 433 478 542 625 675 880
0 42 117 119 330 530 669 900 962
13 152 168 192 252 410 436 580 665 911
308 348 386 475 572 587 649 962
104 120 157 334 462 476 478 675 951 980
117 269 281 318 713 807 935
57
108 174 431 484 598 649 780
2 574 594
19 23 55 57 108 204 319 332 580
119
308 323 690 877
62
105 108 133 153 284 511 539 567 684 919
24 42 110 386 390 478 601 675 778 822
513 572 661 662 685 710 871 973
37 96 214 375 550 611 843
281 659 807 825
83 229 611 641
969
66 83 132 317 475 649 708 743 817
83 241 292 295 544 676 713
34 61 66 421 556 844
57 207
280 281 459 557 669 705
246 436 838 942
124 125 268 755 919
133 208 256 334 394 547 653 870
22 200 280 292 453 540 607 638 887
214 419 496 665 674 827 960
381 509 521 544 550 625 920
117
226 290 319 412 610 982
205 443 476 507 536 550 905
57 133 212 214 361 376 638 652 761 998
164 269 544 862 867 878 958
319 542 911
13 83 799 837 883
2 275 844 902
675
2 42 172 252 255 264 508 547 584 669
7 87 124 237 567 641 872 901
108 272 295 557
61 124 192 312 412 473 660 675 769
60 66 336 507 914
325 370 432 500 538 607 828
129 287 307
133 168 279 445 533 555 841 996
61 133 215 235 269 458 513 575 607 744
92 168 246 341 713
649 754 887
298 478 743 991
20 246 671 903
709
37 390 671 755 805 807 821 998
146 278 282 476 541 544 817 860 991
208 648
22 295 674 955
77 295 411 513 519 544 619 779 807 809
25 509 557 575 660 880
157 320 628 771
7 103 104 138 246 362 407 412 574 826
60 394 660 696 885
381 630
0 47 54 406 459 550 973
2 199 464 761
22 381 526 633 755 795 841
66 222 451 521 716 867 949
47 49 268 432 692
70 99 170 278 308 334 381 547 926 994
98 544
119 158 193 222 375 394 508 549 682 754
89 550 614 981
24 44 62 118 160 406 432 557 705 983
759 764 860 922 960
49 56 117 192 256 478 567 881 969
34
168 489 517 550 710 711 754 768
66 449 524
616 918
2 176 841 938
34 507 509 620 992
62 367 803 962
476 480 550 998
280 449
34 310
56 395 615 653 675
192 507
122 233 236 582 744
445 518 528
6 205 256 334 395 406 410 630 712
117 128 475 779
13 100 340 346 469 708 997
37 476 507 942
105 312 572 625 753
114 123 262 434 456 469 892
22 377 393 482 581
118 119 286 390 509 685 768 791 799 958
13 112 174 224 422 557 916 958
46 119 387 449 741 803 887 967 990
510
50 66 128 348 521 554 583 740
754 812 884
133 635 675
83 390 404 416 563 867 903 914
102 173 196 287 957
192 986
133 642 816 887
295 361 605
356 694 877 933
61 293 675 679
57 66 87 162 252 306 601 638 682 755
412 475 507 609 887 919 936 949
65
288 422 555 643 698
597 631 695 827
75 128 175 221 269 312 648 829 929
308 361 478 584 624
124 348 496 878 919 998
666
390 507 527 567 572 920 973 981
629 828 854 871 943 958 995
186 635 712
10 68 128 567 647 722 755 807 816
70 94 143 256 432
60 71 192 238 377 743
60 234 574 575 710 755 887 998
108 325 400 557 562 604 688 722 738
22 112 338 675 690 920 935
413 586 641 973 983
108 119 271 390 482 552 793 807 854 918
66 74 117 317 630 807 814 903 907
47 125 908
44 128 165 252 521 607 816 865
76 269 388 478 572 600 611 641 666
54 361 594 903 995
135 188 278 375 837 947
469 507 572 580 753 820 957
155 308 494 694 695 817 942 969
283 661
103 395 410 507 524 528 550 900
47 128 317 753 838 841 963
7 234 281 312 513 540 816 930
102 348 991 997
283 853 961
86 462 517 665 767
35 57 77 157 306 413 510 867 958
0 327 445 489 509 550 743
204 388 411 432 437 630 902 953
13 293 295 375 411 553 625 860 987
406 934
47 200 295 484 509 512 519 641
22 114 174 275 369 644 867 894 951 992
24 147 260 402 475 632
47 52 246 487 582 656 781 810 816
62 867 913 925
82 83 246 381 438 518 684 694 837
174 478 594
423 445 643 692 712 807 935